time,species,patch,n,m,Tenv
0,1,1,1,15,15
5000,1,1,1.0050125325386938,15,15.0000124064375
10000,1,1,1.0100501917779696,15,15.000098506
15000,1,1,1.0151130910212656,15,15.0003299518125
20000,1,1,1.0202013590041314,15,15.000776192
25000,1,1,1.0253151213472105,15,15.0015044921875
30000,1,1,1.0304544877927346,15,15.002579958
35000,1,1,1.035619544927532,15,15.0040655575625
40000,1,1,1.0408103412334206,15,15.006022144
45000,1,1,1.0460268654233262,15,15.0085084779375
50000,1,1,1.0512690226163532,15,15.01158125
55000,1,1,1.0565366000383365,15,15.0152951033125
60000,1,1,1.0618292289962474,15,15.019702656
65000,1,1,1.0671463282208948,15,15.0248545236875
70000,1,1,1.0724870447772408,15,15.030799342
75000,1,1,1.0778501931838589,15,15.0375837890625
80000,1,1,1.083234184066837,15,15.045252608
85000,1,1,1.0886369381860512,15,15.0538486294375
90000,1,1,1.0940557902282777,15,15.063412794
95000,1,1,1.0994873857613912,15,15.0739841748125
100000,1,1,1.1049275703792796,15,15.0856
105000,1,1,1.1103712689234364,15,15.0982956751875
110000,1,1,1.115812354509512,15,15.112104806
115000,1,1,1.1212435085677679,15,15.1270592205625
120000,1,1,1.1266560729071096,15,15.143188992
125000,1,1,1.132039894211726,15,15.1605224609375
130000,1,1,1.1373831612955352,15,15.179086258
135000,1,1,1.1426722359652879,15,15.1989053263125
140000,1,1,1.1478914788018526,15,15.220002944
145000,1,1,1.153023071361323,15,15.2424007466875
150000,1,1,1.1580468364349419,15,15.26611875
155000,1,1,1.1629400582953786,15,15.2911753720625
160000,1,1,1.1676773052760268,15,15.317587456
165000,1,1,1.1722302574692958,15,15.3453702924375
170000,1,1,1.1765675427532523,15,15.374537642
175000,1,1,1.1806545848015326,15,15.4051017578125
180000,1,1,1.1844534672202263,15,15.437073408
185000,1,1,1.1879228185712118,15,15.4704618981875
190000,1,1,1.1910177234015784,15,15.505275094
195000,1,1,1.1936896651782745,15,15.5415194435625
200000,1,1,1.195886507500827,15,15.5792
205000,1,1,1.1975525206153452,15,15.618320443937499
210000,1,1,1.1986284648501488,15,15.658883106
215000,1,1,1.1990517206262887,15,15.7008889893125
220000,1,1,1.1987564819192245,15,15.744337792
225000,1,1,1.1976740705589783,15,15.7892279296875
230000,1,1,1.1957332821029936,15,15.835556558
235000,1,1,1.1928608299718495,15,15.883319595062499
240000,1,1,1.188981928820853,15,15.932511744
245000,1,1,1.1840209426981125,15,15.9831265154375
250000,1,1,1.1779021286335698,15,16.03515625
255000,1,1,1.1705505280656747,15,16.0885921408125
260000,1,1,1.1618929350060032,15,16.143424256
265000,1,1,1.1518589874046719,15,16.1996415611875
270000,1,1,1.1403823338902033,15,16.257231942
275000,1,1,1.127402012739459,15,16.3161822265625
280000,1,1,1.112863749175016,15,16.376478208
285000,1,1,1.0967212944120808,15,16.438104666937498
290000,1,1,1.0789379557813608,15,16.501045394
295000,1,1,1.0594880222883034,15,16.5652832123125
300000,1,1,1.0383581897002647,15,16.6308
305000,1,1,1.0155489984221016,15,16.6975767126875
310000,1,1,0.9910759928272077,15,16.765593406
315000,1,1,0.96497082622293,15,16.8348292580625
320000,1,1,0.9372822201036021,15,16.905262592
325000,1,1,0.9080766449742055,15,16.9768708984375
330000,1,1,0.8774386815756248,15,17.049630858
335000,1,1,0.8454710745238853,15,17.1235183638125
340000,1,1,0.8122944616119289,15,17.198508544
345000,1,1,0.7780466494185257,15,17.2745757841875
350000,1,1,0.7428815524380828,15,17.35169375
355000,1,1,0.7069676980324175,15,17.4298354095625
360000,1,1,0.6704862587590072,15,17.508973056000002
365000,1,1,0.6336288281177141,15,17.5890783299375
370000,1,1,0.5965947706913801,15,17.670122241999998
375000,1,1,0.5595882011045992,15,17.7520751953125
380000,1,1,0.5228149472826901,15,17.834907008000002
385000,1,1,0.48647921133856015,15,17.9185869356875
390000,1,1,0.450780166184056,15,18.003083694
395000,1,1,0.41590865639835006,15,18.0883654810625
400000,1,1,0.3820440052492219,15,18.1744
405000,1,1,0.34935104077371143,15,18.2611544814375
410000,1,1,0.317977463461864,15,18.348595706
415000,1,1,0.28805160637587457,15,18.4366900268125
420000,1,1,0.25968073573696876,15,18.525403392
425000,1,1,0.23294978371823602,15,18.6147013671875
430000,1,1,0.20792068388573426,15,18.704549158
435000,1,1,0.1846322955505602,15,18.7949116325625
440000,1,1,0.1631008567425021,15,18.885753344
445000,1,1,0.14332097191734175,15,18.9770385529375
450000,1,1,0.12526706977045238,15,19.06873125
455000,1,1,0.10889526908146553,15,19.1607951783125
460000,1,1,0.0941455592891402,15,19.253193856
465000,1,1,0.08094422227824104,15,19.3458905986875
470000,1,1,0.06920639014685356,15,19.438848542
475000,1,1,0.058838655004707134,15,19.5320306640625
480000,1,1,0.04974163890832197,15,19.625399807999997
485000,1,1,0.041812454846821986,15,19.7189187044375
490000,1,1,0.03494699191401357,15,19.812549994
495000,1,1,0.02904193514593403,15,19.9062562498125
500000,1,1,0.02399654208700168,15,20
505000,1,1,0.01971413672897185,15,20.0937437501875
510000,1,1,0.016103275395488195,15,20.187450006
515000,1,1,0.013078626996675667,15,20.2810812955625
520000,1,1,0.010561563976228015,15,20.374600192000003
525000,1,1,0.008480507595516688,15,20.4679693359375
530000,1,1,0.006771032629132343,15,20.561151458
535000,1,1,0.005375766921151867,15,20.6541094013125
540000,1,1,0.004244204070170378,15,20.746806144
545000,1,1,0.0033322809841575952,15,20.8392048216875
550000,1,1,0.0026019401381640554,15,20.93126875
555000,1,1,0.0020206406912425486,15,21.0229614470625
560000,1,1,0.0015607747703969502,15,21.114246656
565000,1,1,0.0011991611026986241,15,21.2050883674375
570000,1,1,9.165078426252559e-4,15,21.295450842
575000,1,1,6.968614989275742e-4,15,21.385298632812496
580000,1,1,5.27146950869732e-4,15,21.474596608
585000,1,1,3.96761617503408e-4,15,21.5633099731875
590000,1,1,2.971553210546157e-4,15,21.651404294
595000,1,1,2.214780514058999e-4,15,21.7388455185625
600000,1,1,1.6428671052515185e-4,15,21.8256
605000,1,1,1.2129281767251259e-4,15,21.911634518937497
610000,1,1,8.91404956442008e-5,15,21.996916306000003
615000,1,1,6.521862373500364e-5,15,22.0814130643125
620000,1,1,4.750780230111359e-5,15,22.165092991999998
625000,1,1,3.445788364297661e-5,15,22.2479248046875
630000,1,1,2.4887584352812843e-5,15,22.329877758000002
635000,1,1,1.7901894612913226e-5,15,22.4109216700625
