time,species,patch,n,m,Tenv
0,1,1,1,15,15
5000,1,1,1.0025031302170468,15,15.0000124064375
10000,1,1,1.005012527833145,15,15.000098506
15000,1,1,1.0075282073546978,15,15.0003299518125
20000,1,1,1.010050179695659,15,15.000776192
25000,1,1,1.0125784627786298,15,15.0015044921875
30000,1,1,1.0151130733868412,15,15.002579958
35000,1,1,1.0176540259233027,15,15.0040655575625
40000,1,1,1.020201332949252,15,15.006022144
45000,1,1,1.0227550048206335,15,15.0085084779375
50000,1,1,1.025315048735895,15,15.01158125
55000,1,1,1.0278814674326255,15,15.0152951033125
60000,1,1,1.030454256735869,15,15.019702656
65000,1,1,1.033033404485494,15,15.0248545236875
70000,1,1,1.035618888602707,15,15.030799342
75000,1,1,1.0382106833322386,15,15.0375837890625
80000,1,1,1.0408087371868469,15,15.045252608
85000,1,1,1.0434129812374233,15,15.0538486294375
90000,1,1,1.0460233271488653,15,15.063412794
95000,1,1,1.0486396657093087,15,15.0739841748125
100000,1,1,1.0512618554959814,15,15.0856
105000,1,1,1.0538897184659541,15,15.0982956751875
110000,1,1,1.056523039905241,15,15.112104806
115000,1,1,1.059161564105153,15,15.1270592205625
120000,1,1,1.061804988003752,15,15.143188992
125000,1,1,1.0644529550247677,15,15.1605224609375
130000,1,1,1.0671050494276164,15,15.179086258
135000,1,1,1.0697607906695774,15,15.1989053263125
140000,1,1,1.0724196274339293,15,15.220002944
145000,1,1,1.0750809319240395,15,15.2424007466875
150000,1,1,1.077743992429813,15,15.26611875
155000,1,1,1.0804080060040866,15,15.2911753720625
160000,1,1,1.0830720724258864,15,15.317587456
165000,1,1,1.0857351880386705,15,15.3453702924375
170000,1,1,1.088396238479488,15,15.374537642
175000,1,1,1.0910539910269126,15,15.4051017578125
180000,1,1,1.0937070873307508,15,15.437073408
185000,1,1,1.096354036474037,15,15.4704618981875
190000,1,1,1.0989932079836957,15,15.505275094
195000,1,1,1.1016228246835231,15,15.5415194435625
200000,1,1,1.1042409555714587,15,15.5792
205000,1,1,1.1068455088872082,15,15.618320443937499
210000,1,1,1.1094342253864458,15,15.658883106
215000,1,1,1.1120046717837184,15,15.7008889893125
220000,1,1,1.1145542343801969,15,15.744337792
225000,1,1,1.117080112943619,15,15.7892279296875
230000,1,1,1.1195793149035678,15,15.835556558
235000,1,1,1.1220486498991589,15,15.883319595062499
240000,1,1,1.1244847247087204,15,15.932511744
245000,1,1,1.1268839386022815,15,15.9831265154375
250000,1,1,1.1292424791674132,15,16.03515625
255000,1,1,1.1315563186585635,15,16.0885921408125
260000,1,1,1.1338212109160326,15,16.143424256
265000,1,1,1.1360326889001715,15,16.1996415611875
270000,1,1,1.138186062888929,15,16.257231942
275000,1,1,1.1402764193887969,15,16.3161822265625
280000,1,1,1.1422986208091426,15,16.376478208
285000,1,1,1.1442473059490517,15,16.438104666937498
290000,1,1,1.146116891345358,15,16.501045394
295000,1,1,1.147901573530372,15,16.5652832123125
300000,1,1,1.1495953322472021,15,16.6308
305000,1,1,1.151191934668858,15,16.6975767126875
310000,1,1,1.152684940667667,15,16.765593406
315000,1,1,1.1540677091759304,15,16.8348292580625
320000,1,1,1.1553334056784226,15,16.905262592
325000,1,1,1.1564750108750865,15,16.9768708984375
330000,1,1,1.1574853305482373,15,17.049630858
335000,1,1,1.1583570066641296,15,17.1235183638125
340000,1,1,1.159082529734384,15,17.198508544
345000,1,1,1.1596542524580764,15,17.2745757841875
350000,1,1,1.1600644046597763,15,17.35169375
355000,1,1,1.1603051095325712,15,17.4298354095625
360000,1,1,1.160368401188286,15,17.508973056000002
365000,1,1,1.1602462435098844,15,17.5890783299375
370000,1,1,1.1599305502932629,15,17.670122241999998
375000,1,1,1.159413206657335,15,17.7520751953125
380000,1,1,1.1586860916924486,15,17.834907008000002
385000,1,1,1.1577411023078727,15,17.9185869356875
390000,1,1,1.1565701782294107,15,18.003083694
395000,1,1,1.1551653280881542,15,18.0883654810625
400000,1,1,1.1535186565310642,15,18.1744
405000,1,1,1.1516223922722375,15,18.2611544814375
410000,1,1,1.149468916999296,15,18.348595706
415000,1,1,1.1470507950275994,15,18.4366900268125
420000,1,1,1.144360803591052,15,18.525403392
425000,1,1,1.1413919636495446,15,18.6147013671875
430000,1,1,1.1381375710807649,15,18.704549158
435000,1,1,1.134591228112764,15,18.7949116325625
440000,1,1,1.130746874844848,15,18.885753344
445000,1,1,1.1265988206966644,15,18.9770385529375
450000,1,1,1.1221417756176637,15,19.06873125
455000,1,1,1.1173708808817056,15,19.1607951783125
460000,1,1,1.1122817392853743,15,19.253193856
465000,1,1,1.1068704445638626,15,19.3458905986875
470000,1,1,1.1011336098349218,15,19.438848542
475000,1,1,1.095068394879252,15,19.5320306640625
480000,1,1,1.0886725320649584,15,19.625399807999997
485000,1,1,1.0819443507245372,15,19.7189187044375
490000,1,1,1.0748827997954136,15,19.812549994
495000,1,1,1.0674874685393132,15,19.9062562498125
500000,1,1,1.0597586051617225,15,20
505000,1,1,1.0516971331664355,15,20.0937437501875
510000,1,1,1.0433046652611502,15,20.187450006
515000,1,1,1.03458351468958,15,20.2810812955625
520000,1,1,1.0255367038510426,15,20.374600192000003
525000,1,1,1.0161679700744637,15,20.4679693359375
530000,1,1,1.0064817684380412,15,20.561151458
535000,1,1,0.9964832712913273,15,20.6541094013125
540000,1,1,0.9861783653339231,15,20.746806144
545000,1,1,0.97557364504038,15,20.8392048216875
550000,1,1,0.9646764029051296,15,20.93126875
555000,1,1,0.9534946166733494,15,21.0229614470625
560000,1,1,0.9420369347777242,15,21.114246656
565000,1,1,0.930312655139149,15,21.2050883674375
570000,1,1,0.9183317013421296,15,21.295450842
575000,1,1,0.9061045990065116,15,21.385298632812496
580000,1,1,0.893642449420663,15,21.474596608
585000,1,1,0.880956898247377,15,21.5633099731875
590000,1,1,0.8680601008536534,15,21.651404294
595000,1,1,0.8549646860603726,15,21.7388455185625
600000,1,1,0.8416837184284166,15,21.8256
605000,1,1,0.8282306584300954,15,21.911634518937497
610000,1,1,0.8146193203567028,15,21.996916306000003
615000,1,1,0.800863828515155,15,22.0814130643125
620000,1,1,0.7869785722616857,15,22.165092991999998
625000,1,1,0.7729781601018835,15,22.2479248046875
630000,1,1,0.7588773729622271,15,22.329877758000002
635000,1,1,0.744691116851919,15,22.4109216700625
640000,1,1,0.73043437524771,15,22.491026943999998
645000,1,1,0.7161221615267765,15,22.5701645904375
650000,1,1,0.7017694717114631,15,22.64830625
655000,1,1,0.6873912377641868,15,22.7254242158125
660000,1,1,0.6730022816847389,15,22.801491456
665000,1,1,0.6586172706724852,15,22.8764816361875
670000,1,1,0.6442506736026264,15,22.950369142
675000,1,1,0.6299167190419889,15,23.0231291015625
680000,1,1,0.6156293550115548,15,23.094737408
685000,1,1,0.6014022106903588,15,23.1651707419375
690000,1,1,0.5872485602409194,15,23.234406594
695000,1,1,0.5731812889169128,15,23.3024232873125
700000,1,1,0.5592128615919754,15,23.3692
705000,1,1,0.5453552938174777,15,23.4347167876875
710000,1,1,0.5316201255439271,15,23.498954605999998
715000,1,1,0.5180183975390475,15,23.5618953330625
720000,1,1,0.5045606305610933,15,23.623521792
725000,1,1,0.4912568073386341,15,23.683817773437497
730000,1,1,0.47811635737302965,15,23.742768057999996
735000,1,1,0.46514814454834064,15,23.800358438812502
740000,1,1,0.4523604575169164,15,23.856575743999997
745000,1,1,0.43976100281753033,15,23.911407859187495
750000,1,1,0.4273569006671666,15,23.96484375
755000,1,1,0.41515468334861566,15,24.016873484562502
760000,1,1,0.40316029609934023,15,24.067488256
765000,1,1,0.3913791003944271,15,24.116680404937497
770000,1,1,0.37981587950594814,15,24.164443442000003
775000,1,1,0.3684748462110644,15,24.2107720703125
780000,1,1,0.35735965251202473,15,24.255662208000004
785000,1,1,0.34647340122379117,15,24.2991110106875
790000,1,1,0.3358186592796366,15,24.341116894000002
795000,1,1,0.3253974726012932,15,24.381679556062494
800000,1,1,0.31521138237775975,15,24.4208
805000,1,1,0.30526144259195265,15,24.458480556437504
810000,1,1,0.29554823865310953,15,24.494724905999995
815000,1,1,0.28607190696130425,15,24.529538101812506
820000,1,1,0.27683215525389704,15,24.562926592000004
825000,1,1,0.2678282835925774,15,24.5948982421875
830000,1,1,0.2590592058477501,15,24.625462358000004
835000,1,1,0.2505234715379989,15,24.654629707562503
840000,1,1,0.24221928789027464,15,24.682412543999995
845000,1,1,0.23414454199641646,15,24.708824627937496
850000,1,1,0.22629682294950895,15,24.733881249999992
855000,1,1,0.21867344385007578,15,24.757599253312495
860000,1,1,0.21127146357946838,15,24.779997055999996
865000,1,1,0.2040877082465239,15,24.8010946736875
870000,1,1,0.19711879222260426,15,24.820913741999995
875000,1,1,0.19036113868870286,15,24.8394775390625
880000,1,1,0.18381099962651656,15,24.856811008000005
885000,1,1,0.17746447519358594,15,24.872940779437506
890000,1,1,0.17131753243082834,15,24.887895194
895000,1,1,0.16536602325879074,15,24.9017043248125
900000,1,1,0.15960570172656094,15,24.914399999999997
905000,1,1,0.15403224048562492,15,24.9260158251875
910000,1,1,0.14864124646238186,15,24.936587206000002
915000,1,1,0.14342827571888742,15,24.946151370562497
920000,1,1,0.13838884749200125,15,24.954747391999998
925000,1,1,0.1335184574050954,15,24.96241621093751
930000,1,1,0.1288125898533118,15,24.969200658
935000,1,1,0.12426672956941373,15,24.9751454763125
940000,1,1,0.11987637238121425,15,24.980297344000007
945000,1,1,0.11563703517455798,15,24.98470489668751
950000,1,1,0.11154426507904214,15,24.98841874999999
955000,1,1,0.10759364789697418,15,24.9914915220625
960000,1,1,0.10378081579885909,15,24.993977856
965000,1,1,0.10010145431080021,15,24.99593444243749
970000,1,1,0.0965513086208439,15,24.997420041999995
975000,1,1,0.0931261892327244,15,24.998495507812493
980000,1,1,0.08982197699665766,15,24.999223807999986
985000,1,1,0.08663462754769918,15,24.999670048187504
990000,1,1,0.08356017518271006,15,24.999901493999996
995000,1,1,0.0805947362072424,15,24.999987593562487
1000000,1,1,0.07773451178371497,15,25
