time,species,patch,n,m,Tenv
0,1,1,1,15,15
5000,1,1,1.0025031277148786,15.000012420014038,15.0000124064375
10000,1,1,1.0050125209487373,15.00009848568545,15.000098506
15000,1,1,1.0075281955277449,15.000329900777658,15.0003299518125
20000,1,1,1.0100501671695754,15.00077613393638,15.000776192
25000,1,1,1.012578451630157,15.001504385690215,15.0015044921875
30000,1,1,1.0151130647083544,15.002579807044786,15.002579958
35000,1,1,1.0176540222424635,15.004065428785088,15.0040655575625
40000,1,1,1.0202013401159669,15.00602192789092,15.006022144
45000,1,1,1.0227550342523377,15.00850820295636,15.0085084779375
50000,1,1,1.0253151206124038,15.011580913933825,15.01158125
55000,1,1,1.0278816151958066,15.01529470080083,15.0152951033125
60000,1,1,1.0304545340425164,15.019702181913292,15.019702656
65000,1,1,1.033033893233206,15.024853973087835,15.0248545236875
70000,1,1,1.0356197088890242,15.030798710145662,15.030799342
75000,1,1,1.038211997171426,15.03758307140491,15.0375837890625
80000,1,1,1.040810774282223,15.045251798591526,15.045252608
85000,1,1,1.0434160564637476,15.053847724015927,15.0538486294375
90000,1,1,1.046027859999007,15.063411795213806,15.063412794
95000,1,1,1.0486462012117872,15.073983074299436,15.0739841748125
100000,1,1,1.0512710964667369,15.085598786495014,15.0856
105000,1,1,1.0539025621694613,15.098294358104612,15.0982956751875
110000,1,1,1.05654061476663,15.112103381535032,15.112104806
115000,1,1,1.0591852707460803,15.127057672100879,15.1270592205625
120000,1,1,1.0618365466369217,15.143187329453117,15.143188992
125000,1,1,1.0644944590096388,15.160520675935231,15.1605224609375
130000,1,1,1.067159024476185,15.179084349492097,15.179086258
135000,1,1,1.0698302596901037,15.198903291717926,15.1989053263125
140000,1,1,1.072508181346622,15.220000781083009,15.220002944
145000,1,1,1.0751928061827585,15.242398453376639,15.2424007466875
150000,1,1,1.0778841509774268,15.26611632438344,15.26611875
155000,1,1,1.0805822325515404,15.291172812385694,15.2911753720625
160000,1,1,1.0832870677681092,15.317584759073531,15.317587456
165000,1,1,1.0859986735323541,15.34536745672154,15.3453702924375
170000,1,1,1.0887170667918271,15.3745346728296,15.374537642
175000,1,1,1.0914422645365067,15.405098649476168,15.4051017578125
180000,1,1,1.0941742837988888,15.437070151847603,15.437073408
185000,1,1,1.0969131416540974,15.470458506212164,15.4704618981875
190000,1,1,1.0996588552200006,15.505271564940848,15.505275094
195000,1,1,1.1024114416573203,15.541515763312415,15.5415194435625
200000,1,1,1.105170918169734,15.579196180942024,15.5792
205000,1,1,1.1079373020039787,15.618316480137327,15.618320443937499
210000,1,1,1.1107106104499544,15.65887899880739,15.658883106
215000,1,1,1.1134908608408465,15.700884738510597,15.7008889893125
220000,1,1,1.1162780705532283,15.74433339768142,15.744337792
225000,1,1,1.119072257007169,15.789223392073334,15.7892279296875
230000,1,1,1.1218734376663437,15.835551877435135,15.835556558
235000,1,1,1.1246816300381408,15.883314772013287,15.883319595062499
240000,1,1,1.127496851673762,15.932506777462107,15.932511744
245000,1,1,1.130319120168343,15.983121406020349,15.9831265154375
250000,1,1,1.133148453161078,16.035151005152077,16.03515625
255000,1,1,1.1359848683353204,16.08858675689994,16.0885921408125
260000,1,1,1.138828383418676,16.14341872641446,16.143424256
265000,1,1,1.1416790161831176,16.199635899928065,16.1996415611875
270000,1,1,1.1445367844451069,16.257226149775956,16.257231942
275000,1,1,1.1474017060657087,16.316176291201074,16.3161822265625
280000,1,1,1.150273798950696,16.37647214378273,16.376478208
285000,1,1,1.153153081050658,16.43809846979278,16.438104666937498
290000,1,1,1.1560395703611104,16.50103906710445,16.501045394
295000,1,1,1.1589332849226186,16.56527675724032,16.5652832123125
300000,1,1,1.1618342428209083,16.63079341859903,16.6308
305000,1,1,1.1647424621869755,16.697570006898232,16.6975767126875
310000,1,1,1.1676579611972011,16.76558657785091,16.765593406
315000,1,1,1.1705807580734633,16.83482230966771,16.8348292580625
320000,1,1,1.173510871083243,16.905255523967117,16.905262592
325000,1,1,1.1764483185397479,16.976863712952067,16.9768708984375
330000,1,1,1.1793931188020428,17.04962356258088,17.049630858
335000,1,1,1.182345290275152,17.123510956027495,17.1235183638125
340000,1,1,1.185304851410159,17.19850102834242,17.198508544
345000,1,1,1.1882718207043252,17.27456816265755,17.2745757841875
350000,1,1,1.191246216701214,17.351686025178353,17.35169375
355000,1,1,1.1942280579908104,17.42982758426637,17.4298354095625
360000,1,1,1.1972173632096352,17.50896513300064,17.508973056000002
365000,1,1,1.2002141510408564,17.58907031208848,17.5890783299375
370000,1,1,1.2032184402144068,17.670114132216465,17.670122241999998
375000,1,1,1.206230249507103,17.752066996568864,17.7520751953125
380000,1,1,1.2092495977427635,17.8348987233278,17.834907008000002
385000,1,1,1.212276503792325,17.918578568173103,17.9185869356875
390000,1,1,1.215310986573961,18.0030752467824,18.003083694
395000,1,1,1.2183530650531988,18.088356957331055,18.0883654810625
400000,1,1,1.221402758243039,18.174391402992203,18.1744
405000,1,1,1.2244600852040741,18.261145814436745,18.2611544814375
410000,1,1,1.2275250650446088,18.348586972333333,18.348595706
415000,1,1,1.2305977169207771,18.436681229848386,18.4366900268125
420000,1,1,1.233678060036664,18.525394535146084,18.525403392
425000,1,1,1.236766113644424,18.614692453888377,18.6147013671875
430000,1,1,1.239861897044403,18.704540191734946,18.704549158
435000,1,1,1.2429654295852584,18.794902616843274,18.7949116325625
440000,1,1,1.2460767306640788,18.88574428236857,18.885753344
445000,1,1,1.249195819726507,18.977029448963826,18.9770385529375
450000,1,1,1.2523227162668604,19.068722107279793,19.06873125
455000,1,1,1.2554574398282532,19.160786000464974,19.1607951783125
460000,1,1,1.2586000100027188,19.253184646665634,19.253193856
465000,1,1,1.2617504464313316,19.345881361525812,19.3458905986875
470000,1,1,1.2649087688043306,19.438839280687297,19.438848542
475000,1,1,1.2680749968612413,19.53202138228963,19.5320306640625
480000,1,1,1.2712491503910004,19.625390509470144,19.625399807999997
485000,1,1,1.2744312492320784,19.718909392863896,19.7189187044375
490000,1,1,1.2776213132726046,19.81254067310373,19.812549994
495000,1,1,1.2808193624504904,19.90624692332024,19.9062562498125
500000,1,1,1.284025416753554,19.999990671641786,20
505000,1,1,1.287239496219647,20.093734423694496,20.0937437501875
510000,1,1,1.2904616209367765,20.187440685102242,20.187450006
515000,1,1,1.2936918110432336,20.281071983986667,20.2810812955625
520000,1,1,1.2969300867277183,20.374590893467175,20.374600192000003
525000,1,1,1.3001764682294648,20.46796005416093,20.4679693359375
530000,1,1,1.3034309758383689,20.561142196682855,20.561151458
535000,1,1,1.3066936298951146,20.654100164145646,20.6541094013125
540000,1,1,1.3099644507913013,20.746796934659738,20.746806144
545000,1,1,1.3132434589695716,20.839195643833342,20.8392048216875
550000,1,1,1.3165306749237378,20.931259607272448,20.93126875
555000,1,1,1.3198261191989111,21.022952343080757,21.0229614470625
560000,1,1,1.3231298123916302,21.114237594359786,21.114246656
565000,1,1,1.3264417751499888,21.205079351708786,21.2050883674375
570000,1,1,1.329762028173766,21.295441875724748,21.295450842
575000,1,1,1.3330905922145548,21.385289719502488,21.385298632812496
580000,1,1,1.3364274880758924,21.474587751134514,21.474596608
585000,1,1,1.3397727366133894,21.563301176211127,21.5633099731875
590000,1,1,1.3431263587348607,21.6513955603204,21.651404294
595000,1,1,1.3464883754004564,21.738836851548143,21.7388455185625
600000,1,1,1.3498588076227926,21.825591402977945,21.8256
605000,1,1,1.353237676467082,21.911625995191145,21.911634518937497
610000,1,1,1.356625003051267,21.996907858766853,21.996916306000003
615000,1,1,1.36002080854615,22.081404696781927,22.0814130643125
620000,1,1,1.3634251141755276,22.165084707311003,22.165092991999998
625000,1,1,1.3668379412163214,22.247916605926466,22.2479248046875
630000,1,1,1.3702593109987122,22.329869648198457,22.329877758000002
635000,1,1,1.373689244906273,22.410913652194903,22.4109216700625
640000,1,1,1.3771277643761026,22.491019020981465,22.491026943999998
645000,1,1,1.380574890898959,22.570156765121578,22.5701645904375
650000,1,1,1.3840306460193947,22.64829852517643,22.64830625
655000,1,1,1.387495051335891,22.725416594204994,22.7254242158125
660000,1,1,1.390968128500993,22.801483940263964,22.801491456
665000,1,1,1.3944498992214447,22.876474228907835,22.8764816361875
670000,1,1,1.3979403852583243,22.95036184568884,22.950369142
675000,1,1,1.4014396084271818,23.023121918656972,23.0231291015625
680000,1,1,1.4049475905981736,23.09473034086001,23.094737408
685000,1,1,1.4084643536961998,23.165163792843465,23.1651707419375
690000,1,1,1.4119899197010413,23.23439976515062,23.234406594
695000,1,1,1.4155243106474977,23.30241658082251,23.3024232873125
700000,1,1,1.4190675486255238,23.369193417897975,23.3692
705000,1,1,1.4226196557803685,23.43471033191355,23.4347167876875
710000,1,1,1.4261806543127133,23.498948278403567,23.498954605999998
715000,1,1,1.4297505664788106,23.561889135400143,23.5618953330625
720000,1,1,1.4333294145906228,23.623515725933093,23.623521792
725000,1,1,1.4369172210159626,23.683811840530055,23.683817773437497
730000,1,1,1.4405140081786318,23.742762259716383,23.742768057999996
735000,1,1,1.4441197985585617,23.800352776515233,23.800358438812502
740000,1,1,1.4477346146919536,23.85657021894748,23.856575743999997
745000,1,1,1.4513584791714198,23.91140247253179,23.911407859187495
750000,1,1,1.454991414646125,23.96483850278459,23.96484375
755000,1,1,1.4586334438219273,24.016868377720034,24.016873484562502
760000,1,1,1.462284589461521,24.067483290350086,24.067488256
765000,1,1,1.4659448743845778,24.116675581184452,24.116680404937497
770000,1,1,1.4696143214678898,24.164438760730576,24.164443442000003
775000,1,1,1.4732929536455133,24.21076753199369,24.2107720703125
780000,1,1,1.4769807939089106,24.25565781297677,24.255662208000004
785000,1,1,1.4806778653070947,24.299106759180596,24.2991110106875
790000,1,1,1.4843841909467739,24.34111278610361,24.341116894000002
795000,1,1,1.4880997939924947,24.381675591742155,24.381679556062494
800000,1,1,1.4918246976667882,24.420796179090225,24.4208
805000,1,1,1.4955589252503134,24.458476878639598,24.458480556437504
810000,1,1,1.4993025000820044,24.49472137087985,24.494724905999995
815000,1,1,1.503055445559216,24.52953470879831,24.529538101812506
820000,1,1,1.5068177851378686,24.562923340379992,24.562926592000004
825000,1,1,1.5105895423325963,24.594895131107798,24.5948982421875
830000,1,1,1.5143707407168936,24.625459386462296,24.625462358000004
835000,1,1,1.5181614039232618,24.65462687442183,24.654629707562503
840000,1,1,1.5219615556433579,24.682409847962543,24.682412543999995
845000,1,1,1.5257712196281417,24.708822067558323,24.708824627937496
850000,1,1,1.5295904196880248,24.733878823680783,24.733881249999992
855000,1,1,1.5334191796930194,24.757596959299335,24.757599253312495
860000,1,1,1.5372575235728878,24.779994892381172,24.779997055999996
865000,1,1,1.5411054753172908,24.801092638391157,24.8010946736875
870000,1,1,1.5449630589759389,24.820911832792046,24.820913741999995
875000,1,1,1.5488302986587421,24.83947575354426,24.8394775390625
880000,1,1,1.55270721853596,24.85680934360598,24.856811008000005
885000,1,1,1.5565938428383543,24.872939233433236,24.872940779437506
890000,1,1,1.560490195857339,24.887893763479713,24.887895194
895000,1,1,1.5643963019451321,24.901703006696913,24.9017043248125
900000,1,1,1.5683121855149094,24.914398791034085,24.914399999999997
905000,1,1,1.5722378710409555,24.926014721938255,24.9260158251875
910000,1,1,1.576173383058817,24.936586204854226,24.936587206000002
915000,1,1,1.5801187461654564,24.946150467724454,24.946151370562497
920000,1,1,1.5840739850194054,24.954746583489328,24.954747391999998
925000,1,1,1.58803912434092,24.962415492586874,24.96241621093751
930000,1,1,1.592014188912133,24.969200025452864,24.969200658
935000,1,1,1.595999203577211,24.975144925020963,24.9751454763125
940000,1,1,1.5999941932425077,24.98029686922249,24.980297344000007
945000,1,1,1.6039991828767217,24.984704493486504,24.98470489668751
950000,1,1,1.6080141975110511,24.98841841323991,24.98841874999999
955000,1,1,1.61203926223935,24.991491246407357,24.9914915220625
960000,1,1,1.6160744022182858,24.993977635911165,24.993977856
965000,1,1,1.6201196426674964,24.99593427217154,24.99593444243749
970000,1,1,1.6241750088697477,24.9974199156064,24.997420041999995
975000,1,1,1.6282405261710917,24.998495419131363,24.998495507812493
980000,1,1,1.6323162199810246,24.999223750659887,24.999223807999986
985000,1,1,1.636402115772646,24.999670015603197,24.999670048187504
990000,1,1,1.640498239082818,24.999901479370187,24.999901493999996
995000,1,1,1.6446046155123242,24.999987589867636,24.999987593562487
1000000,1,1,1.648721270726031,24.99999982085585,25
