time,species,patch,n,m,Tenv
0,1,1,1,15,15
5000,1,1,1.0025031278436631,15.000009460760959,15.0000124064375
10000,1,1,1.005012521066771,15.00008528813098,15.000098506
15000,1,1,1.0075281956417468,15.000299415236881,15.0003299518125
20000,1,1,1.010050167266435,15.00072156093136,15.000776192
25000,1,1,1.0125784516757783,15.001419152372568,15.0015044921875
30000,1,1,1.0151130646391398,15.00245760516391,15.002579958
35000,1,1,1.017654021958,15.003899934364549,15.0040655575625
40000,1,1,1.0202013394594611,15.005807249031605,15.006022144
45000,1,1,1.0227550329903574,15.008238578674273,15.0085084779375
50000,1,1,1.025315118418721,15.011250795119114,15.01158125
55000,1,1,1.0278816116315543,15.014898729725646,15.0152951033125
60000,1,1,1.0304545285362063,15.019235208114361,15.019702656
65000,1,1,1.0330338850593628,15.02431104625986,15.0248545236875
70000,1,1,1.0356196971453255,15.030175073743706,15.030799342
75000,1,1,1.0382119807556127,15.036874162423985,15.0375837890625
80000,1,1,1.0408107518690197,15.04445324762927,15.045252608
85000,1,1,1.0434160264814967,15.052955349329434,15.0538486294375
90000,1,1,1.0460278206061482,15.062421595182856,15.063412794
95000,1,1,1.0486461502734656,15.07289124326875,15.0739841748125
100000,1,1,1.0512710315316522,15.084401703307682,15.0856
105000,1,1,1.0539024804471282,15.09698856096485,15.0982956751875
110000,1,1,1.0565405131054457,15.110685607178203,15.112104806
115000,1,1,1.0591851456117871,15.125524840793599,15.1270592205625
120000,1,1,1.0618363940901363,15.141536500046877,15.143188992
125000,1,1,1.064494274686087,15.158749108500093,15.1605224609375
130000,1,1,1.0671588035691877,15.177189468571516,15.179086258
135000,1,1,1.0698299969316611,15.1968826802114,15.1989053263125
140000,1,1,1.0725078709899638,15.217852195346538,15.220002944
145000,1,1,1.0751924419864405,15.240119800503308,15.2424007466875
150000,1,1,1.077883726190052,15.263705686063936,15.26611875
155000,1,1,1.0805817398992945,15.288628411655159,15.2911753720625
160000,1,1,1.0832864994414344,15.314904996263717,15.317587456
165000,1,1,1.0859980211771003,15.342550860245657,15.3453702924375
170000,1,1,1.0887163214973374,15.371579943988504,15.374537642
175000,1,1,1.091441416831838,15.402004613337937,15.4051017578125
180000,1,1,1.094173323642434,15.433835821094767,15.437073408
185000,1,1,1.0969120584305285,15.467082996413907,15.4704618981875
190000,1,1,1.099657637734927,15.50175415852323,15.505275094
195000,1,1,1.1024100781397297,15.537855875688598,15.5415194435625
200000,1,1,1.1051693962681652,15.57539336393698,15.5792
205000,1,1,1.1079356087928653,15.614370413298397,15.618320443937499
210000,1,1,1.1107087324256075,15.654789520358884,15.658883106
215000,1,1,1.1134887839347332,15.69665177988349,15.7008889893125
220000,1,1,1.1162757801274983,15.739957065356117,15.744337792
225000,1,1,1.1190697378778867,15.784703860277778,15.7892279296875
230000,1,1,1.1218706740967137,15.83088950932583,15.835556558
235000,1,1,1.124678605756926,15.878510012664487,15.883319595062499
240000,1,1,1.1274935498869354,15.927560199130149,15.932511744
245000,1,1,1.130315523573994,15.9780337032124,15.9831265154375
250000,1,1,1.1331445439644507,16.029922978972024,16.03515625
255000,1,1,1.1359806282649243,16.08321933176409,16.0885921408125
260000,1,1,1.1388237937445647,16.137912941479208,16.143424256
265000,1,1,1.1416740577366067,16.193992882690615,16.1996415611875
270000,1,1,1.14453143763954,16.25144714738563,16.257231942
275000,1,1,1.1473959509184684,16.310262668009027,16.3161822265625
280000,1,1,1.150267615106403,16.37042533871012,16.376478208
285000,1,1,1.1531464478055824,16.431920039562893,16.438104666937498
290000,1,1,1.156032466689247,16.4947306659021,16.501045394
295000,1,1,1.1589256895025832,16.55884013097335,16.5652832123125
300000,1,1,1.161826134061054,16.624230397422767,16.6308
305000,1,1,1.1647338182542268,16.690882523635377,16.6975767126875
310000,1,1,1.1676487600494767,16.758776657543695,16.765593406
315000,1,1,1.1705709774874467,16.827892048157015,16.8348292580625
320000,1,1,1.1735004886831901,16.8982071134019,16.905262592
325000,1,1,1.1764373118335376,16.969699424349713,16.9768708984375
330000,1,1,1.1793814652109265,17.0423457396997,17.049630858
335000,1,1,1.182332967165832,17.116122030718792,17.1235183638125
340000,1,1,1.1852918361279492,17.191003501066945,17.198508544
345000,1,1,1.1882580906068139,17.26696460914058,17.2745757841875
350000,1,1,1.1912317491921087,17.343979091271578,17.35169375
355000,1,1,1.194212830553918,17.422019984146186,17.4298354095625
360000,1,1,1.1972013534429535,17.501059646040424,17.508973056000002
365000,1,1,1.2001973366907952,17.58106978120202,17.5890783299375
370000,1,1,1.2032007992102713,17.662021469163523,17.670122241999998
375000,1,1,1.2062117599956639,17.74388516734825,17.7520751953125
380000,1,1,1.209230238121011,17.826630742568668,17.834907008000002
385000,1,1,1.2122562527413785,17.910227517403932,17.9185869356875
390000,1,1,1.215289823094684,17.99464426396898,18.003083694
395000,1,1,1.2183309684982586,18.079849215429576,18.0883654810625
400000,1,1,1.221379708348268,18.165810133909694,18.1744
405000,1,1,1.2244360621238428,18.252494294657808,18.2611544814375
410000,1,1,1.2275000493819206,18.33986852054947,18.348595706
415000,1,1,1.230571689758774,18.427899207031817,18.4366900268125
420000,1,1,1.2336510029695633,18.516552341944486,18.525403392
425000,1,1,1.236738008807348,18.60579352786262,18.6147013671875
430000,1,1,1.2398327271427585,18.695588005297058,18.704549158
435000,1,1,1.242935177921912,18.78590067511307,18.7949116325625
440000,1,1,1.2460453811668015,18.876696119765636,18.885753344
445000,1,1,1.2491633569744258,18.967938627681324,18.9770385529375
450000,1,1,1.2522891255157256,19.05959222257144,19.06873125
455000,1,1,1.2554227070348476,19.151620666038145,19.1607951783125
460000,1,1,1.258564121847388,19.243987489072687,19.253193856
465000,1,1,1.2617133903393916,19.336656038432707,19.3458905986875
470000,1,1,1.2648705329674317,19.429589470411713,19.438848542
475000,1,1,1.268035570256418,19.52275076235433,19.5320306640625
480000,1,1,1.2712085227975543,19.616102780562883,19.625399807999997
485000,1,1,1.2743894112494176,19.7096082644642,19.7189187044375
490000,1,1,1.2775782563346518,19.803229861112474,19.812549994
495000,1,1,1.2807750788393397,19.896930150133173,19.9062562498125
500000,1,1,1.2839798996117249,19.99067166354427,20
505000,1,1,1.28719273956063,20.084416908099282,20.0937437501875
510000,1,1,1.2904136196540537,20.17812838848734,20.187450006
515000,1,1,1.2936425609177875,20.271768629752067,20.2810812955625
520000,1,1,1.2968795844340177,20.365300198526654,20.374600192000003
525000,1,1,1.3001247113398129,20.458685727518468,20.4679693359375
530000,1,1,1.3033779628254836,20.55188794430734,20.561151458
535000,1,1,1.3066393601330413,20.64486967169633,20.6541094013125
540000,1,1,1.3099089245546067,20.737593875671262,20.746806144
545000,1,1,1.3131866774312746,20.830023677006285,20.8392048216875
550000,1,1,1.316472640151567,20.92212237117462,20.93126875
555000,1,1,1.3197668341496696,21.01385345514308,21.0229614470625
560000,1,1,1.323069280903892,21.10518064940299,21.114246656
565000,1,1,1.3263800019352656,21.196067918862834,21.2050883674375
570000,1,1,1.3296990188060753,21.286479496176376,21.295450842
575000,1,1,1.3330263531183433,21.376379904626027,21.385298632812496
580000,1,1,1.3363620265123497,21.46573398012525,21.474596608
585000,1,1,1.3397060606652038,21.554506893740612,21.5633099731875
590000,1,1,1.3430584772894363,21.642664174395982,21.651404294
595000,1,1,1.3464192981316176,21.730171731286536,21.7388455185625
600000,1,1,1.3497885449710125,21.816995876323702,21.8256
605000,1,1,1.3531662396182602,21.903103346692554,21.911634518937497
610000,1,1,1.356552403914101,21.98846132735389,21.996916306000003
615000,1,1,1.3599470597281473,22.073037473518877,22.0814130643125
620000,1,1,1.363350228957704,22.15679993315771,22.165092991999998
625000,1,1,1.366761933526633,22.23971736950721,22.2479248046875
630000,1,1,1.3701821953842734,22.32175898356426,22.329877758000002
635000,1,1,1.3736110365044165,22.402894536585023,22.4109216700625
640000,1,1,1.3770484788843438,22.483094372588077,22.491026943999998
645000,1,1,1.3804945445439258,22.562329440853535,22.5701645904375
650000,1,1,1.3839492555247863,22.640571318422097,22.64830625
655000,1,1,1.387412633889535,22.717792232595745,22.7254242158125
660000,1,1,1.3908847017210715,22.7939650834379,22.801491456
665000,1,1,1.3943654811219663,22.869063466273087,22.8764816361875
670000,1,1,1.397854994213914,22.943061694186994,22.950369142
675000,1,1,1.4013532631372687,23.015934820526585,23.0231291015625
680000,1,1,1.4048603100506614,23.087658661400063,23.094737408
685000,1,1,1.4083761571306994,23.158209818176807,23.1651707419375
690000,1,1,1.4119008265717536,23.22756569998746,23.234406594
695000,1,1,1.415434340585833,23.295704546223877,23.3024232873125
700000,1,1,1.4189767214025477,23.36260544903917,23.3692
705000,1,1,1.4225279912691675,23.42824837584764,23.4347167876875
710000,1,1,1.4260881724507688,23.49261419182487,23.498954605999998
715000,1,1,1.4296572872304794,23.555684682407676,23.5618953330625
720000,1,1,1.4332353579098154,23.61744257579408,23.623521792
725000,1,1,1.4368224068091187,23.677871565443354,23.683817773437497
730000,1,1,1.4404184562680868,23.736956332576042,23.742768057999996
735000,1,1,1.4440235286464047,23.79468256867393,23.800358438812502
740000,1,1,1.4476376463244698,23.851036997979975,23.856575743999997
745000,1,1,1.4512608317042188,23.906007399998465,23.911407859187495
750000,1,1,1.4548931072100502,23.959582631994895,23.96484375
755000,1,1,1.4585344952898427,24.011752651495975,24.016873484562502
760000,1,1,1.462185018416073,24.062508538789704,24.067488256
765000,1,1,1.4658446990870249,24.11184251942529,24.116680404937497
770000,1,1,1.4695135598280942,24.15974798671319,24.164443442000003
775000,1,1,1.4731916231931876,24.206219524225098,24.2107720703125
780000,1,1,1.4768789117662073,24.251252928293958,24.255662208000004
785000,1,1,1.4805754481626268,24.294845230513907,24.2991110106875
790000,1,1,1.4842812550311502,24.336994720240373,24.341116894000002
795000,1,1,1.4879963550554547,24.377700967089975,24.381679556062494
800000,1,1,1.4917207709560114,24.416964843440574,24.4208
805000,1,1,1.4954545254919804,24.454788546931244,24.458480556437504
810000,1,1,1.4991976414631774,24.49117562296232,24.494724905999995
815000,1,1,1.5029501417121054,24.526130987195305,24.529538101812506
820000,1,1,1.5067120491260506,24.55966094805294,24.562926592000004
825000,1,1,1.5104833866392298,24.591773229219214,24.5948982421875
830000,1,1,1.5142641772349907,24.622476992139276,24.625462358000004
835000,1,1,1.5180544439480554,24.651782858519514,24.654629707562503
840000,1,1,1.521854209866799,24.67970293282753,24.682412543999995
845000,1,1,1.5256634981355603,24.706250824792082,24.708824627937496
850000,1,1,1.5294823319569713,24.731441671903184,24.733881249999992
855000,1,1,1.5333107345943022,24.755292161912013,24.757599253312495
860000,1,1,1.5371487293738102,24.77782055533094,24.779997055999996
865000,1,1,1.540996339687082,24.79904670793352,24.8010946736875
870000,1,1,1.5448535889933641,24.818992093254547,24.820913741999995
875000,1,1,1.5487205008218645,24.83767982508995,24.8394775390625
880000,1,1,1.5525970987740194,24.855134679996798,24.856811008000005
885000,1,1,1.5564834065257118,24.87138311979346,24.872940779437506
890000,1,1,1.5603794478294277,24.8864533140594,24.887895194
895000,1,1,1.5642852465163388,24.90037516263523,24.9017043248125
900000,1,1,1.5682008264982985,24.913180318122812,24.914399999999997
905000,1,1,1.572126211769734,24.924902208385156,24.9260158251875
910000,1,1,1.5760614264094217,24.93557605904642,24.936587206000002
915000,1,1,1.5800064945821306,24.945238915991936,24.946151370562497
920000,1,1,1.5839614405401132,24.953929667868255,24.954747391999998
925000,1,1,1.5879262886244327,24.961689068583023,24.96241621093751
930000,1,1,1.5919010632661013,24.96855975980511,24.969200658
935000,1,1,1.595885788987017,24.974586293464558,24.9751454763125
940000,1,1,1.5998804904006747,24.979815154252513,24.980297344000007
945000,1,1,1.6038851922126334,24.98429478212139,24.98470489668751
950000,1,1,1.6078999192207168,24.988075594784725,24.98841874999999
955000,1,1,1.611924696314926,24.99121001021721,24.9914915220625
960000,1,1,1.615959548477041,24.99375246915475,24.993977856
965000,1,1,1.6200045007798842,24.99575945759445,24.99593444243749
970000,1,1,1.6240595783862248,24.99728952929449,24.997420041999995
975000,1,1,1.6281248065472957,24.99840332827436,24.998495507812493
980000,1,1,1.6322002106008964,24.999163611314653,24.999223807999986
985000,1,1,1.636285815969053,24.9996352704572,24.999670048187504
990000,1,1,1.6403816481552078,24.99988535550498,24.999901493999996
995000,1,1,1.6444877327409073,24.99998309652216,24.999987593562487
1000000,1,1,1.6486040953819567,24.999999609302623,25
