time,species,patch,n,m,Tenv
0,1,1,1,15,15
5000,1,1,0.9950124784023516,15.000012406800959,15.0000124064375
10000,1,1,0.9900498329111972,15.000098532260626,15.000098506
15000,1,1,0.9851119385329503,15.000329879728643,15.0003299518125
20000,1,1,0.9801986723059221,15.000776375967707,15.000776192
25000,1,1,0.9753099110905603,15.001504797996652,15.0015044921875
30000,1,1,0.9704455326383676,15.00257986193884,15.002579958
35000,1,1,0.9656054152663891,15.004065544975287,15.0040655575625
40000,1,1,0.9607894375900945,15.006022124823398,15.006022144
45000,1,1,0.95599748040666,15.008508462819128,15.0085084779375
50000,1,1,0.95122942292302,15.011581249501752,15.01158125
55000,1,1,0.9464851463514604,15.015295103351113,15.0152951033125
60000,1,1,0.9417645320666067,15.019702656098811,15.019702656
65000,1,1,0.9370674618848288,15.024854523692202,15.0248545236875
70000,1,1,0.9323938184075307,15.030799342088066,15.030799342
75000,1,1,0.9277434848322134,15.037583790518683,15.0375837890625
80000,1,1,0.923116344910718,15.045252609500585,15.045252608
85000,1,1,0.9185122829517883,15.053848629685813,15.0538486294375
90000,1,1,0.9139311838193518,15.063412814148823,15.063412794
95000,1,1,0.9093729329685679,15.073984198161126,15.0739841748125
100000,1,1,0.9048374164148818,15.085600059774901,15.0856
105000,1,1,0.9003245208737889,15.098295684490811,15.0982956751875
110000,1,1,0.8958341335752811,15.112104802214759,15.112104806
115000,1,1,0.8913661422293983,15.127059226155106,15.1270592205625
120000,1,1,0.8869204350933395,15.143188991352481,15.143188992
125000,1,1,0.8824969010705687,15.160522461543119,15.1605224609375
130000,1,1,0.8780954294431931,15.179086258600597,15.179086258
135000,1,1,0.873715910241741,15.198905326907976,15.1989053263125
140000,1,1,0.8693582339872288,15.220002944590265,15.220002944
145000,1,1,0.8650222917400606,15.242400747272471,15.2424007466875
150000,1,1,0.8607079750973493,15.26611875057888,15.26611875
155000,1,1,0.8564151761975413,15.291175371066538,15.2911753720625
160000,1,1,0.8521437877155349,15.317587453262623,15.317587456
165000,1,1,0.8478937028422764,15.345370294623905,15.3453702924375
170000,1,1,0.843664815313215,15.374537644652618,15.374537642
175000,1,1,0.8394570194892922,15.405101753133707,15.4051017578125
180000,1,1,0.8352702101644736,15.437073408788144,15.437073408
185000,1,1,0.8311042825906619,15.470461904173717,15.4704618981875
190000,1,1,0.8269591327076058,15.505275091346112,15.505275094
195000,1,1,0.822834656894193,15.541519445250303,15.5415194435625
200000,1,1,0.8187307519254502,15.579200000334984,15.5792
205000,1,1,0.8146473152954723,15.618320444454646,15.618320443937499
210000,1,1,0.8105842448603252,15.658883106511317,15.658883106
215000,1,1,0.8065414390622889,15.700888989817985,15.7008889893125
220000,1,1,0.8025187968401989,15.744337792499657,15.744337792
225000,1,1,0.798516217631513,15.789227930181337,15.7892279296875
230000,1,1,0.7945336013711901,15.835556558487314,15.835556558
235000,1,1,0.7905708484923893,15.883319593974631,15.883319595062499
240000,1,1,0.7866278599270876,15.932511741170464,15.932511744
245000,1,1,0.782704537106969,15.983126517531575,15.9831265154375
250000,1,1,0.7788007819506877,16.035156252560213,16.03515625
255000,1,1,0.7749164968455087,16.088592136041314,16.0885921408125
260000,1,1,0.7710515846838697,16.143424256695827,16.143424256
265000,1,1,0.767205948862353,16.199641567081564,16.1996415611875
270000,1,1,0.7633794932180274,16.25723193925422,16.257231942
275000,1,1,0.7595721220812169,16.316182228158727,16.3161822265625
280000,1,1,0.7557837403089497,16.376478208243814,16.376478208
285000,1,1,0.7520142531638444,16.43810466736396,16.438104666937498
290000,1,1,0.7482635664191294,16.501045394421183,16.501045394
295000,1,1,0.7445315863024182,16.565283212728477,16.5652832123125
300000,1,1,0.7408182195138213,16.630800000410847,16.6308
305000,1,1,0.7371233732192606,16.6975767130933,16.6975767126875
310000,1,1,0.7334469550478553,16.765593406400114,16.765593406
315000,1,1,0.7297888730889794,16.83482925688833,16.8348292580625
320000,1,1,0.7261490358916822,16.90526258908513,16.905262592
325000,1,1,0.7225273524654519,16.97687090044728,16.9768708984375
330000,1,1,0.7189237322693369,17.049630860477006,17.049630858
335000,1,1,0.7153380851952329,17.123518358959252,17.1235183638125
340000,1,1,0.711770321601906,17.198508544615006,17.198508544
345000,1,1,0.7082203523135421,17.274575790002018,17.2745757841875
350000,1,1,0.7046880885601755,17.351693747175986,17.35169375
355000,1,1,0.7011734420274309,17.429835411081886,17.4298354095625
360000,1,1,0.6976763248876937,17.50897305616841,17.508973056000002
365000,1,1,0.6941966496870173,17.589078330290047,17.5890783299375
370000,1,1,0.6907343294432912,17.67012224234881,17.670122241999998
375000,1,1,0.6872892775936599,17.7520751956577,17.7520751953125
380000,1,1,0.683861408011471,17.834907008341712,17.834907008000002
385000,1,1,0.6804506349999522,17.918586936025847,17.9185869356875
390000,1,1,0.6770568732898171,18.003083694334393,18.003083694
395000,1,1,0.6736800380370965,18.088365479824386,18.0883654810625
400000,1,1,0.6703200448221116,18.174399997023006,18.1744
405000,1,1,0.666976809651953,18.261154481957746,18.2611544814375
410000,1,1,0.6636502489468098,18.348595705115198,18.348595706
415000,1,1,0.6603402795183041,18.43669002651375,18.4366900268125
420000,1,1,0.6570468186351187,18.525403391696518,18.525403392
425000,1,1,0.653769783955194,18.614701366807477,18.6147013671875
430000,1,1,0.6505090935545603,18.704549157635917,18.704549158
435000,1,1,0.6472646659155444,18.794911632196406,18.7949116325625
440000,1,1,0.6440364199264951,18.88575334363204,18.885753344
445000,1,1,0.6408242748812678,18.977038552567826,18.9770385529375
450000,1,1,0.637628150476368,19.068731249628748,19.06873125
455000,1,1,0.6344479668085838,19.160795177939825,19.1607951783125
460000,1,1,0.631283644373035,19.253193855626044,19.253193856
465000,1,1,0.6281351040614115,19.34589059831242,19.3458905986875
470000,1,1,0.6250022671600678,19.43884854162393,19.438848542
475000,1,1,0.6218850553479717,19.532030663685603,19.5320306640625
480000,1,1,0.6187833906946746,19.625399807622426,19.625399807999997
485000,1,1,0.6156971956583759,19.718918704059394,19.7189187044375
490000,1,1,0.6126263930840242,19.812549993621516,19.812549994
495000,1,1,0.6095709062014012,19.906256249433785,19.9062562498125
500000,1,1,0.6065306586231849,19.99999999962121,20
505000,1,1,0.6035055743430289,20.093743749808787,20.0937437501875
510000,1,1,0.6004955777336644,20.187450005621514,20.187450006
515000,1,1,0.5975005935450167,20.281081295184393,20.2810812955625
520000,1,1,0.5945205469023266,20.374600191622424,20.374600192000003
525000,1,1,0.5915553633042744,20.467969335560603,20.4679693359375
530000,1,1,0.5886049686211157,20.561151457623936,20.561151458
535000,1,1,0.5856692890928289,20.65410940093742,20.6541094013125
540000,1,1,0.5827482513272728,20.74680614362605,20.746806144
545000,1,1,0.5798417822983511,20.83920482131482,20.8392048216875
550000,1,1,0.5769498093441873,20.931268749628746,20.93126875
555000,1,1,0.5740722601653065,21.022961446692825,21.0229614470625
560000,1,1,0.5712090628228295,21.11424665563204,21.114246656
565000,1,1,0.5683601457366735,21.205088367071404,21.2050883674375
570000,1,1,0.565525437683763,21.295450841635915,21.295450842
575000,1,1,0.5627048677962491,21.385298632450567,21.385298632812496
580000,1,1,0.5598983655597376,21.474596607640354,21.474596608
585000,1,1,0.5571058608115266,21.56330997283029,21.5633099731875
590000,1,1,0.5543272837388517,21.651404293645363,21.651404294
595000,1,1,0.5515625648771415,21.73884551821056,21.7388455185625
600000,1,1,0.5488116351082806,21.82559999965091,21.8256
605000,1,1,0.5460744256588812,21.911634518591388,21.911634518937497
610000,1,1,0.5433508680985648,21.99691630565699,21.996916306000003
615000,1,1,0.5406408943382504,22.08141306397273,22.0814130643125
620000,1,1,0.5379444366284526,22.16509299166359,22.165092991999998
625000,1,1,0.5352614275575888,22.247924804354582,22.2479248046875
630000,1,1,0.5325918000502918,22.329877757670694,22.329877758000002
635000,1,1,0.5299354873657354,22.41092166973693,22.4109216700625
640000,1,1,0.5272924230959639,22.491026943678282,22.491026943999998
645000,1,1,0.5246625411642332,22.57016459011974,22.5701645904375
650000,1,1,0.5220457758233575,22.64830624968633,22.64830625
655000,1,1,0.5194420616540676,22.725424215503022,22.7254242158125
660000,1,1,0.5168513335633732,22.80149145569482,22.801491456
665000,1,1,0.5142735267829374,22.876481635886723,22.8764816361875
670000,1,1,0.5117085768674561,22.950369141703728,22.950369142
675000,1,1,0.5091564196930479,23.023129101270825,23.0231291015625
680000,1,1,0.5066169914556508,23.094737407713033,23.094737408
685000,1,1,0.5040902286694262,23.165170741655327,23.1651707419375
690000,1,1,0.5015760681651731,23.234406593722703,23.234406594
695000,1,1,0.49907444708874793,23.302423287040174,23.3024232873125
700000,1,1,0.49658530289949343,23.36919999973273,23.3692
705000,1,1,0.49410857336867525,23.434716787425355,23.4347167876875
710000,1,1,0.4916441965779262,23.498954605743055,23.498954605999998
715000,1,1,0.48919211091769793,23.561895332810845,23.5618953330625
720000,1,1,0.48675225508572145,23.623521791753678,23.623521792
725000,1,1,0.4843245680854738,23.68381777319659,23.683817773437497
730000,1,1,0.48190898922465353,23.742768057764554,23.742768057999996
735000,1,1,0.47950545811366335,23.80035843858257,23.800358438812502
740000,1,1,0.47711391466410025,23.856575743775647,23.856575743999997
745000,1,1,0.47473429908725345,23.911407858968776,23.911407859187495
750000,1,1,0.4723665518926096,23.964843749786933,23.96484375
755000,1,1,0.47001061388636556,24.01687348435513,24.016873484562502
760000,1,1,0.4676664261699483,24.06748825579837,24.067488256
765000,1,1,0.46533393013854296,24.116680404741633,24.116680404937497
770000,1,1,0.4630130674796272,24.16444344180991,24.164443442000003
775000,1,1,0.4607037801715137,24.21077207012821,24.2107720703125
780000,1,1,0.4584060104818995,24.255662207821544,24.255662208000004
785000,1,1,0.4561197009664227,24.299111010514856,24.2991110106875
790000,1,1,0.45384479446722625,24.341116893833195,24.341116894000002
795000,1,1,0.4515812341115293,24.38167955590153,24.381679556062494
800000,1,1,0.4493289633102049,24.420799999844846,24.4208
805000,1,1,0.4470879257563659,24.458480556288155,24.458480556437504
810000,1,1,0.4448580654239566,24.494724905856465,24.494724905999995
815000,1,1,0.4426393265663527,24.529538101674717,24.529538101812506
820000,1,1,0.440431653714967,24.562926591867964,24.562926592000004
825000,1,1,0.43823499167786334,24.594898242061184,24.5948982421875
830000,1,1,0.4360492855383764,24.625462357879325,24.625462358000004
835000,1,1,0.4338744806537388,24.654629707447462,24.654629707562503
840000,1,1,0.43171052265371523,24.682412543890525,24.682412543999995
845000,1,1,0.42955735743924295,24.708824627833522,24.708824627937496
850000,1,1,0.4274149311810794,24.733881249901476,24.733881249999992
855000,1,1,0.4252831903184567,24.757599253219354,24.757599253312495
860000,1,1,0.42316208155774204,24.779997055912144,24.779997055999996
865000,1,1,0.4210515518711061,24.80109467360485,24.8010946736875
870000,1,1,0.41895154849519667,24.82091374192248,24.820913741999995
875000,1,1,0.41686201892982,24.839477538990007,24.8394775390625
880000,1,1,0.4147829109366281,24.85681100793241,24.856811008000005
885000,1,1,0.41271417253781295,24.872940779374716,24.872940779437506
890000,1,1,0.4106557520148068,24.887895193941922,24.887895194
895000,1,1,0.40860759790698936,24.901704324758974,24.9017043248125
900000,1,1,0.40656965901040126,24.9143999999509,24.914399999999997
905000,1,1,0.4045418843764638,24.926015825142713,24.9260158251875
910000,1,1,0.4025242233107058,24.93658720595935,24.936587206000002
915000,1,1,0.40051662537149535,24.94615137052584,24.946151370562497
920000,1,1,0.3985190403687794,24.95474739196719,24.954747391999998
925000,1,1,0.39653141836282896,24.962416210908312,24.96241621093751
930000,1,1,0.39455370966299014,24.96920065797432,24.969200658
935000,1,1,0.39258586482644264,24.97514547629013,24.9751454763125
940000,1,1,0.390627834656963,24.980297343980716,24.980297344000007
945000,1,1,0.3886795702036949,24.984704896671133,24.98470489668751
950000,1,1,0.3867410227599257,24.988418749986344,24.98841874999999
955000,1,1,0.3848121438618683,24.991491522051298,24.9914915220625
960000,1,1,0.38289288528744975,24.993977855991062,24.993977856
965000,1,1,0.3809831990551057,24.995934442430595,24.99593444243749
970000,1,1,0.37908303742258087,24.997420041994854,24.997420041999995
975000,1,1,0.37719235288573555,24.998495507808904,24.998495507812493
980000,1,1,0.37531109817735786,24.999223807997677,24.999223807999986
985000,1,1,0.373439226265982,24.999670048186164,24.999670048187504
990000,1,1,0.3715766903547128,24.99990149399941,24.999901493999996
995000,1,1,0.3697234438800554,24.999987593562363,24.999987593562487
1000000,1,1,0.3678794405107515,24.999999809455595,25
