time,species,patch,n,m,Tenv
0,1,1,1,15,15
5000,1,1,0.9950121032976526,15.00001240673137,15.0000124064375
10000,1,1,0.990049215456174,15.00009850653391,15.000098506
15000,1,1,0.9851105033696501,15.000329952328517,15.0003299518125
20000,1,1,0.9801972351032473,15.000776192013209,15.000776192
25000,1,1,0.9753083989689603,15.001504492244331,15.0015044921875
30000,1,1,0.9704439078824155,15.002579958334028,15.002579958
35000,1,1,0.9656037342118389,15.004065557596158,15.0040655575625
40000,1,1,0.9607876249993696,15.006022144491174,15.006022144
45000,1,1,0.9559955981694137,15.00850847802166,15.0085084779375
50000,1,1,0.9512274441375878,15.01158125051869,15.01158125
55000,1,1,0.9464830687056173,15.01529510332073,15.0152951033125
60000,1,1,0.9417623050850888,15.019702656033617,15.019702656
65000,1,1,0.9370651347302664,15.024854523929628,15.0248545236875
70000,1,1,0.932391429815591,15.03079934207687,15.030799342
75000,1,1,0.9277409917667265,15.037583789199479,15.0375837890625
80000,1,1,0.9231138287218086,15.04525260830393,15.045252608
85000,1,1,0.9185097203991828,15.053848629503808,15.0538486294375
90000,1,1,0.9139285267035167,15.063412794088816,15.063412794
95000,1,1,0.9093702311477215,15.073984175155925,15.0739841748125
100000,1,1,0.90483468820994994,15.08560000000865,15.0856
105000,1,1,0.900321669460864,15.098295675219726,15.0982956751875
110000,1,1,0.8958312794724156,15.112104806332225,15.112104806
115000,1,1,0.8913632377551991,15.127059220796616,15.1270592205625
120000,1,1,0.8869174815734174,15.143188992408207,15.143188992
125000,1,1,0.8824938458793995,15.160522460977415,15.1605224609375
130000,1,1,0.8780923387375656,15.179086258155026,15.179086258
135000,1,1,0.873712796087285,15.198905326442272,15.1989053263125
140000,1,1,0.8693550667682203,15.220002944060655,15.220002944
145000,1,1,0.8650190958188504,15.24240074716776,15.2424007466875
150000,1,1,0.8607047568698144,15.26611874998885,15.26611875
155000,1,1,0.8564119348363987,15.291175372114607,15.2911753720625
160000,1,1,0.8521405006994941,15.317587456027374,15.317587456
165000,1,1,0.8478903850907403,15.345370292739634,15.3453702924375
170000,1,1,0.8436614756713275,15.374537642233447,15.374537642
175000,1,1,0.8394536591460571,15.405101757937835,15.4051017578125
180000,1,1,0.83526682973582,15.437073408023377,15.437073408
185000,1,1,0.8311008827142102,15.470461898284466,15.4704618981875
190000,1,1,0.8269557140948771,15.505275094144501,15.505275094
195000,1,1,0.8228311599589798,15.54151944372881,15.5415194435625
200000,1,1,0.8187272643500151,15.579200000108498,15.5792
205000,1,1,0.8146438096905115,15.618320444014483,15.618320443937499
210000,1,1,0.8105807490875322,15.658883106035853,15.658883106
215000,1,1,0.8065379597778837,15.700888989202904,15.7008889893125
220000,1,1,0.8025153595961904,15.744337791999598,15.744337792
225000,1,1,0.7985128243144473,15.789227929660461,15.7892279296875
230000,1,1,0.794530302806821,15.835556558027731,15.835556558
235000,1,1,0.7905676487977321,15.883319594910228,15.883319595062499
240000,1,1,0.786624840068888,15.932511743998615,15.932511744
245000,1,1,0.7827016617346392,15.98312651534203,15.9831265154375
250000,1,1,0.7787979582584946,16.035156249995403,16.03515625
255000,1,1,0.7749137005609007,16.08859214056861,16.0885921408125
260000,1,1,0.7710488742455791,16.14342425594101,16.143424256
265000,1,1,0.7672032942151846,16.199641560865977,16.1996415611875
270000,1,1,0.7633768680332373,16.257231941964033,16.257231942
275000,1,1,0.7595696106297897,16.316182226356055,16.3161822265625
280000,1,1,0.7557813414754277,16.376478207941915,16.376478208
285000,1,1,0.7520120480141702,16.43810466675688,16.438104666937498
290000,1,1,0.7482615613898537,16.50104539383266,16.501045394
295000,1,1,0.744529733182977,16.565283212312718,16.5652832123125
300000,1,1,0.7408164564041345,16.63080000000566,16.6308
305000,1,1,0.7371217230098617,16.697576712675026,16.6975767126875
310000,1,1,0.7334454247931386,16.76559340595922,16.765593406
315000,1,1,0.7297874360166005,16.83482925805971,16.8348292580625
320000,1,1,0.7261477349515266,16.90526259185135,16.905262592
325000,1,1,0.7225263554712654,16.97687089811774,16.9768708984375
330000,1,1,0.7189227658189213,17.049630857920775,17.049630858
335000,1,1,0.7153372060684217,17.123518363772888,17.1235183638125
340000,1,1,0.7117694842024626,17.198508543921502,17.198508544
345000,1,1,0.7082195694306929,17.274575784125968,17.2745757841875
350000,1,1,0.7046873968569706,17.351693749926802,17.35169375
355000,1,1,0.7011728603507434,17.429835409611098,17.4298354095625
360000,1,1,0.6976758767143318,17.5089730558067,17.508973056000002
365000,1,1,0.6941964189010846,17.589078329719186,17.5890783299375
370000,1,1,0.6907342790520433,17.670122241951397,17.670122241999998
375000,1,1,0.6872893336174918,17.752075195309626,17.7520751953125
380000,1,1,0.6838614881633105,17.834907007999025,17.834907008000002
385000,1,1,0.6804508090547066,17.918586935674544,17.9185869356875
390000,1,1,0.6770571439402491,18.003083693646687,18.003083694
395000,1,1,0.6736803824369814,18.088365480546184,18.0883654810625
400000,1,1,0.6703204241155675,18.17439999996967,18.1744
405000,1,1,0.6669772577131647,18.261154481055154,18.2611544814375
410000,1,1,0.6636507322556092,18.348595706075205,18.348595706
415000,1,1,0.6603408248749288,18.43669002674417,18.4366900268125
420000,1,1,0.6570474041324676,18.52540339173484,18.525403392
425000,1,1,0.6537704145322031,18.614701366973783,18.6147013671875
430000,1,1,0.6505097798901409,18.7045491576678,18.704549158
435000,1,1,0.6472653856857502,18.79491163238783,18.7949116325625
440000,1,1,0.6440372055938159,18.885753343476996,18.885753344
445000,1,1,0.640825092967735,18.97703855293778,18.9770385529375
450000,1,1,0.637629033577996,19.06873124945554,19.06873125
455000,1,1,0.6344488827787026,19.160795178409916,19.1607951783125
460000,1,1,0.6312846207341835,19.253193855977212,19.253193856
465000,1,1,0.6281361163751937,19.34589059950777,19.3458905986875
470000,1,1,0.6250033318329357,19.438848541985006,19.438848542
475000,1,1,0.6218861630146647,19.53203066391754,19.5320306640625
480000,1,1,0.6187845377367371,19.62539980797618,19.625399807999997
485000,1,1,0.6156983975456336,19.718918704086587,19.7189187044375
490000,1,1,0.6126276257358144,19.81254999393825,19.812549994
495000,1,1,0.6095722011540929,19.906256249653243,19.9062562498125
500000,1,1,0.6065319829012672,19.999999999997726,20
505000,1,1,0.6035069609828847,20.09374375015811,20.0937437501875
510000,1,1,0.6004969948564175,20.18745000598616,20.187450006
515000,1,1,0.5975020699242662,20.281081295466713,20.2810812955625
520000,1,1,0.5945220538560655,20.374600191721722,20.374600192000003
525000,1,1,0.5915569249874997,20.467969335914848,20.4679693359375
530000,1,1,0.5886065654617523,20.56115145771443,20.561151458
535000,1,1,0.5856709267899236,20.65410940102755,20.6541094013125
540000,1,1,0.5827499371604588,20.746806143940624,20.746806144
545000,1,1,0.5798434965868642,20.83920482168369,20.8392048216875
550000,1,1,0.5769515832849158,20.931268749658773,20.93126875
555000,1,1,0.5740740611874104,21.02296144706241,21.0229614470625
560000,1,1,0.5712109233468595,21.114246655494952,21.114246656
565000,1,1,0.5683620338469663,21.20508836722351,21.2050883674375
570000,1,1,0.5655273785811091,21.295450841988558,21.295450842
575000,1,1,0.5627068422820127,21.38529863280779,21.385298632812496
580000,1,1,0.5599003713369328,21.47459660766284,21.474596608
585000,1,1,0.5571079209333837,21.563309973050355,21.5633099731875
590000,1,1,0.5543293696270857,21.65140429400027,21.651404294
595000,1,1,0.5515647085151649,21.738845518402,21.7388455185625
600000,1,1,0.5488138058266809,21.82560000070175,21.8256
605000,1,1,0.5460766347156353,21.911634518683424,21.911634518937497
610000,1,1,0.5433531230660127,21.99691630553204,21.996916306000003
615000,1,1,0.5406431742479312,22.081413064312393,22.0814130643125
620000,1,1,0.5379467728725196,22.165092991941812,22.165092991999998
625000,1,1,0.5352637910113677,22.24792480440687,22.2479248046875
630000,1,1,0.5325941903569101,22.329877757826154,22.329877758000002
635000,1,1,0.5299379335817099,22.410921669910667,22.4109216700625
640000,1,1,0.5272948939628297,22.4910269437526,22.491026943999998
645000,1,1,0.5246650469280693,22.570164590376784,22.5701645904375
650000,1,1,0.5220483291913812,22.648306249544653,22.64830625
655000,1,1,0.5194446390651243,22.725424215552444,22.7254242158125
660000,1,1,0.5168539444108214,22.801491455921013,22.801491456
665000,1,1,0.514276186120379,22.876481635945723,22.8764816361875
670000,1,1,0.5117112601217664,22.95036914192402,22.950369142
675000,1,1,0.5091591270868256,23.023129101351902,23.0231291015625
680000,1,1,0.506619754057711,23.09473740794828,23.094737408
685000,1,1,0.5040930172482351,23.165170741785648,23.1651707419375
690000,1,1,0.5015788803959681,23.234406594113864,23.234406594
695000,1,1,0.499077285976436,23.302423287049763,23.3024232873125
700000,1,1,0.49658819406996535,23.369199999953256,23.3692
705000,1,1,0.4941114902019372,23.434716787412697,23.4347167876875
710000,1,1,0.49164713652052633,23.498954605766336,23.498954605999998
715000,1,1,0.4891950741238657,23.561895333063944,23.5618953330625
720000,1,1,0.4867552443574441,23.62352179178304,23.623521792
725000,1,1,0.4843276048241642,23.683817773430153,23.683817773437497
730000,1,1,0.48191205594823583,23.742768057802916,23.742768057999996
735000,1,1,0.47950854859658987,23.800358438473353,23.800358438812502
740000,1,1,0.4771170279622208,23.856575743669616,23.856575743999997
745000,1,1,0.4747374350029805,23.911407858980965,23.911407859187495
750000,1,1,0.47236971033459474,23.964843749730196,23.96484375
755000,1,1,0.47001379463052684,24.01687348430771,24.016873484562502
760000,1,1,0.4676696288792263,24.06748825578541,24.067488256
765000,1,1,0.46533715431007755,24.116680404691696,24.116680404937497
770000,1,1,0.46301631180889113,24.16444344198146,24.164443442000003
775000,1,1,0.4607070382751836,24.21077207030662,24.2107720703125
780000,1,1,0.45840925826246764,24.255662207889937,24.255662208000004
785000,1,1,0.4561229600336728,24.29911101054407,24.2991110106875
790000,1,1,0.4538480554519396,24.341116894242052,24.341116894000002
795000,1,1,0.45158446995434753,24.381679556197575,24.381679556062494
800000,1,1,0.44933208724371915,24.42080000003681,24.4208
805000,1,1,0.4470909961052933,24.45848055645456,24.458480556437504
810000,1,1,0.4448610829273074,24.494724906074538,24.494724905999995
815000,1,1,0.44264229164745406,24.529538101869342,24.529538101812506
820000,1,1,0.4404345646199611,24.562926592023448,24.562926592000004
825000,1,1,0.43823784642992164,24.594898242228055,24.5948982421875
830000,1,1,0.43605208125987366,24.62546235800728,24.625462358000004
835000,1,1,0.43387721978055976,24.654629708067386,24.654629707562503
840000,1,1,0.4317131624351824,24.682412544227205,24.682412543999995
845000,1,1,0.4295597500053395,24.708824628119288,24.708824627937496
850000,1,1,0.42741724678523996,24.733881250295113,24.733881249999992
855000,1,1,0.4252854715475543,24.7575992534721,24.757599253312495
860000,1,1,0.42316433384651775,24.77999705631501,24.779997055999996
865000,1,1,0.42105377586736537,24.80109467406437,24.8010946736875
870000,1,1,0.41895374476152897,24.82091374224267,24.820913741999995
875000,1,1,0.4168641879718303,24.839477539382514,24.8394775390625
880000,1,1,0.4147850532226954,24.856811008100365,24.856811008000005
885000,1,1,0.4127162881875803,24.872940779544358,24.872940779437506
890000,1,1,0.4106578412641171,24.88789519436864,24.887895194
895000,1,1,0.4086096579297371,24.90170432486321,24.9017043248125
900000,1,1,0.40657169152654843,24.914400000160715,24.914399999999997
905000,1,1,0.40454389189890144,24.926015825343963,24.9260158251875
910000,1,1,0.402526205709327,24.936587206391312,24.936587206000002
915000,1,1,0.4005185783469763,24.946151370929236,24.946151370562497
920000,1,1,0.39852096894679045,24.954747392013513,24.954747391999998
925000,1,1,0.3965333226182197,24.96241621113084,24.96241621093751
930000,1,1,0.3945555852829505,24.96920065847953,24.969200658
935000,1,1,0.39258771704015527,24.975145476630342,24.9751454763125
940000,1,1,0.3906296588521353,24.98029734428634,24.980297344000007
945000,1,1,0.388681371514116,24.984704897182603,24.98470489668751
950000,1,1,0.38674279670836187,24.9884187500123,24.98841874999999
955000,1,1,0.38481389540909705,24.991491522229865,24.9914915220625
960000,1,1,0.3828946101328484,24.99397785613949,24.993977856
965000,1,1,0.3809849003932271,24.995934442446295,24.99593444243749
970000,1,1,0.37908471451495235,24.997420042500973,24.997420041999995
975000,1,1,0.3771940041881178,24.99849550783845,24.998495507812493
980000,1,1,0.3753127281831443,24.99922380799345,24.999223807999986
985000,1,1,0.3734408315187885,24.99967004854198,24.999670048187504
990000,1,1,0.37157822112222383,24.99990149408322,24.999901493999996
995000,1,1,0.36972488922261465,24.999987590644732,24.999987593562487
1000000,1,1,0.36788126026468027,25.000000000192117,25
