time,species,patch,n,m,Tenv
0,1,1,1,15,15
5000,1,1,1.0025031280295362,15.000002947179818,15.0000124064375
10000,1,1,1.0050125213743557,15.000035078866844,15.000098506
15000,1,1,1.0075281957785784,15.000151322903035,15.0003299518125
20000,1,1,1.010050166664987,15.00041638773147,15.000776192
25000,1,1,1.012578448694688,15.0008969230057,15.0015044921875
30000,1,1,1.0151130556540544,15.001659262557952,15.002579958
35000,1,1,1.0176540004347643,15.002768396972389,15.0040655575625
40000,1,1,1.0202012945375774,15.00428704418896,15.006022144
45000,1,1,1.0227549479460405,15.006275905650861,15.0085084779375
50000,1,1,1.0253149690767713,15.008793810192715,15.01158125
55000,1,1,1.0278813645097336,15.01189743359852,15.0152951033125
60000,1,1,1.0304541386758652,15.015641265988165,15.019702656
65000,1,1,1.0330332940636089,15.02007801564592,15.0248545236875
70000,1,1,1.0356188311326056,15.025258423390733,15.030799342
75000,1,1,1.0382107481207599,15.031231094173553,15.0375837890625
80000,1,1,1.0408090409588122,15.038042630745682,15.045252608
85000,1,1,1.0434137032891224,15.04573776942163,15.0538486294375
90000,1,1,1.046024726473956,15.054359378971183,15.063412794
95000,1,1,1.0486420995677963,15.063948415635926,15.0739841748125
100000,1,1,1.0512658093095149,15.074543938970422,15.0856
105000,1,1,1.0538958401611596,15.086183167556955,15.0982956751875
110000,1,1,1.0565321743626461,15.098901513898076,15.112104806
115000,1,1,1.0591747919774959,15.112732592893925,15.1270592205625
120000,1,1,1.0618236709433124,15.127708234195499,15.143188992
125000,1,1,1.0644787871484322,15.143858510191793,15.1605224609375
130000,1,1,1.0671401145141814,15.161211761995508,15.179086258
135000,1,1,1.0698076250916724,15.179794623144323,15.1989053263125
140000,1,1,1.0724812891635138,15.199632040154178,15.220002944
145000,1,1,1.0751610753505005,15.220747293506085,15.2424007466875
150000,1,1,1.0778469507204866,15.243162019212168,15.26611875
155000,1,1,1.080538880932716,15.266896238050315,15.2911753720625
160000,1,1,1.0832368303710445,15.291968374095262,15.317587456
165000,1,1,1.0859407622596002,15.318395271740266,15.3453702924375
170000,1,1,1.0886506387950254,15.346192221395158,15.374537642
175000,1,1,1.0913664213030894,15.375372987277057,15.4051017578125
180000,1,1,1.094088070395709,15.405949828161512,15.437073408
185000,1,1,1.0968155461173128,15.437933515563827,15.4704618981875
190000,1,1,1.0995488080933278,15.47133335689272,15.505275094
195000,1,1,1.1022878156894058,15.506157221211382,15.5415194435625
200000,1,1,1.1050325281729558,15.542411561672727,15.5792
205000,1,1,1.1077829048698353,15.580101435606645,15.618320443937499
210000,1,1,1.1105389053214643,15.619230526773581,15.658883106
215000,1,1,1.1133004894469438,15.659801169629054,15.7008889893125
220000,1,1,1.116067617704853,15.701814372228354,15.744337792
225000,1,1,1.1188402512494764,15.745269837420294,15.7892279296875
230000,1,1,1.1216183520881429,15.790165985155497,15.835556558
235000,1,1,1.1244018832371419,15.836499975547246,15.883319595062499
240000,1,1,1.1271908088763347,15.884267731718293,15.932511744
245000,1,1,1.1299850945008294,15.93346396203147,15.9831265154375
250000,1,1,1.1327847070693196,15.984082182310434,16.03515625
255000,1,1,1.1355896151493905,16.036114738430015,16.0885921408125
260000,1,1,1.1383997890596755,16.089552829010547,16.143424256
265000,1,1,1.1412152010081946,16.14438652791643,16.1996415611875
270000,1,1,1.1440358252263463,16.20060480664014,16.257231942
275000,1,1,1.1468616380984298,16.258195556773703,16.3161822265625
280000,1,1,1.1496926182865617,16.317145612572062,16.376478208
285000,1,1,1.1525287468505998,16.377440773487365,16.438104666937498
290000,1,1,1.1553700073627136,16.43906582663992,16.501045394
295000,1,1,1.158216386016433,16.502004569289593,16.5652832123125
300000,1,1,1.1610678717300413,16.56623983134527,16.6308
305000,1,1,1.1639244562440543,16.63175349788374,16.6975767126875
310000,1,1,1.1667861342125097,16.698526531647715,16.765593406
315000,1,1,1.1696529032879062,16.76653899553245,16.8348292580625
320000,1,1,1.1725247641996897,16.835770075081534,16.905262592
325000,1,1,1.1754017208261407,16.906198100991787,16.9768708984375
330000,1,1,1.178283780259459,16.97780057161463,17.049630858
335000,1,1,1.1811709528639542,17.050554175450845,17.1235183638125
340000,1,1,1.1840632523272332,17.124434813645365,17.198508544
345000,1,1,1.1869606957043064,17.19941762248593,17.2745757841875
350000,1,1,1.1898633034545274,17.27547699590237,17.35169375
355000,1,1,1.1927710994713063,17.35258660796363,17.4298354095625
360000,1,1,1.1956841111045415,17.430719435373543,17.508973056000002
365000,1,1,1.198602369175744,17.509847779967494,17.5890783299375
370000,1,1,1.2015259079858347,17.58994329120987,17.670122241999998
375000,1,1,1.2044547653156137,17.670976988691095,17.7520751953125
380000,1,1,1.2073889824189046,17.752919284623903,17.834907008000002
385000,1,1,1.2103286040084025,17.835740006339584,17.9185869356875
390000,1,1,1.213273678234262,17.919408418784606,18.003083694
395000,1,1,1.2162242566554766,18.003893247017267,18.0883654810625
400000,1,1,1.2191803942041157,18.089162698704126,18.1744
405000,1,1,1.2221421491424922,18.17518448661629,18.2611544814375
410000,1,1,1.2251095830133583,18.261925851125852,18.348595706
415000,1,1,1.2280827605832274,18.34935358270243,18.4366900268125
420000,1,1,1.2310617497789427,18.43743404440974,18.525403392
425000,1,1,1.2340466216176167,18.52613319440212,18.6147013671875
430000,1,1,1.2370374501300856,18.61541660842117,18.704549158
435000,1,1,1.24003431227803,18.705249502292496,18.7949116325625
440000,1,1,1.2430372878649238,18.795596754422604,18.885753344
445000,1,1,1.2460464594409888,18.886422928295854,18.9770385529375
450000,1,1,1.2490619122023392,18.97769229497153,19.06873125
455000,1,1,1.2520837338845134,19.069368855581093,19.1607951783125
460000,1,1,1.2551120146505985,19.16141636382558,19.253193856
465000,1,1,1.2581468469741657,19.253798348473154,19.3458905986875
470000,1,1,1.2611883255172418,19.346478135856852,19.438848542
475000,1,1,1.2642365470035528,19.43941887237251,19.5320306640625
480000,1,1,1.267291610087285,19.532583546976856,19.625399807999997
485000,1,1,1.2703536152176134,19.62593501368584,19.7189187044375
490000,1,1,1.2734226644992628,19.719436014073175,19.812549994
495000,1,1,1.2764988615493695,19.81304919976908,19.9062562498125
500000,1,1,1.2795823113509182,19.906737154959213,20
505000,1,1,1.2826731201030377,20.000462418883917,20.0937437501875
510000,1,1,1.2857713950684515,20.09418750833759,20.187450006
515000,1,1,1.2888772444183731,20.187874940168378,20.2810812955625
520000,1,1,1.291990777075152,20.281487253778035,20.374600192000003
525000,1,1,1.2951121025529757,20.374987033622038,20.4679693359375
530000,1,1,1.2982413307969485,20.468336931709967,20.561151458
535000,1,1,1.3013785720208533,20.56149969010606,20.6541094013125
540000,1,1,1.3045239365439298,20.654438163430054,20.746806144
545000,1,1,1.3076775346269887,20.747115341358192,20.8392048216875
550000,1,1,1.3108394763081908,20.839494371124495,20.93126875
555000,1,1,1.3140098712388293,20.93153858002225,21.0229614470625
560000,1,1,1.3171888285194449,21.023211497905677,21.114246656
565000,1,1,1.3203764565366098,21.114476879691836,21.2050883674375
570000,1,1,1.3235728628007273,21.205298727862672,21.295450842
575000,1,1,1.3267781537851746,21.295641314967337,21.385298632812496
580000,1,1,1.3299924347671424,21.385469206124593,21.474596608
585000,1,1,1.3332158096704998,21.47474728152543,21.5633099731875
590000,1,1,1.3364483809110357,21.563440758935847,21.651404294
595000,1,1,1.3396902492444063,21.65151521619972,21.7388455185625
600000,1,1,1.3429415136171383,21.738936613741885,21.8256
605000,1,1,1.3462022710210104,21.82567131707127,21.911634518937497
610000,1,1,1.349472616351164,21.91168611928414,21.996916306000003
615000,1,1,1.3527526422682579,21.99694826356746,22.0814130643125
620000,1,1,1.3560424390650092,22.081425465702313,22.165092991999998
625000,1,1,1.3593420945374353,22.165085936567372,22.2479248046875
630000,1,1,1.3626516938611206,22.247898404642438,22.329877758000002
635000,1,1,1.3659713194728211,22.32983213851198,22.4109216700625
640000,1,1,1.3693010509577197,22.41085696936871,22.491026943999998
645000,1,1,1.3726409649426277,22.49094331351714,22.5701645904375
650000,1,1,1.375991134995436,22.570062194877135,22.64830625
655000,1,1,1.379351631531098,22.648185267487413,22.7254242158125
660000,1,1,1.3827225217244306,22.725284838009014,22.801491456
665000,1,1,1.3861038694299965,22.801333888228687,22.8764816361875
670000,1,1,1.3894957351093384,22.876306097562214,22.950369142
675000,1,1,1.39289817576581,22.950175865557597,23.0231291015625
680000,1,1,1.3963112448872477,23.022918334398195,23.094737408
685000,1,1,1.3997349923967093,23.094509411405678,23.1651707419375
690000,1,1,1.4031694646114983,23.164925791542863,23.234406594
695000,1,1,1.4066147042106778,23.234144979916405,23.3024232873125
700000,1,1,1.4100707502112564,23.302145314279308,23.3692
705000,1,1,1.4135376379532296,23.368905987533278,23.4347167876875
710000,1,1,1.4170153990936287,23.434407070230836,23.498954605999998
715000,1,1,1.4205040616097175,23.4986295330773,23.5618953330625
720000,1,1,1.4240036498114683,23.561555269432503,23.623521792
725000,1,1,1.4275141843634145,23.62316711781231,23.683817773437497
730000,1,1,1.4310356823159718,23.68344888438993,23.742768057999996
735000,1,1,1.4345681571462905,23.74238536549695,23.800358438812502
740000,1,1,1.4381116188086849,23.799962370124184,23.856575743999997
745000,1,1,1.4416660737946625,23.856166742422232,23.911407859187495
750000,1,1,1.4452315252025483,23.91098638420183,23.96484375
755000,1,1,1.4488079728166816,23.964410277433913,24.016873484562502
760000,1,1,1.4523954131961339,24.016428506749502,24.067488256
765000,1,1,1.4559938397728638,24.06703228193926,24.116680404937497
770000,1,1,1.459603242959213,24.11621396045284,24.164443442000003
775000,1,1,1.463223610264597,24.16396706989802,24.2107720703125
780000,1,1,1.466854926421233,24.210286330539564,24.255662208000004
785000,1,1,1.470497173518703,24.25516767779787,24.2991110106875
790000,1,1,1.474150331147126,24.298608284747395,24.341116894000002
795000,1,1,1.477814376548674,24.340606584614864,24.381679556062494
800000,1,1,1.4814892847771293,24.38116229327729,24.4208
805000,1,1,1.485175028865156,24.420276431759785,24.458480556437504
810000,1,1,1.4888715799989014,24.45795134873322,24.494724905999995
815000,1,1,1.4925789076995244,24.494190743011714,24.529538101812506
820000,1,1,1.4962969800111892,24.528999686049954,24.562926592000004
825000,1,1,1.5000257636950345,24.56238464444045,24.5948982421875
830000,1,1,1.503765224428575,24.594353502410605,24.625462358000004
835000,1,1,1.5075153270099542,24.62491558431974,24.654629707562503
840000,1,1,1.5112760355664143,24.654081677156064,24.682412543999995
845000,1,1,1.5150473137663107,24.681864053033564,24.708824627937496
850000,1,1,1.5188291250339347,24.708276491688867,24.733881249999992
855000,1,1,1.5226214327663739,24.73333430297813,24.757599253312495
860000,1,1,1.5264242005515736,24.757054349373956,24.779997055999996
865000,1,1,1.5302373923867163,24.779455068462294,24.8010946736875
870000,1,1,1.5340609728959786,24.80055649543949,24.820913741999995
875000,1,1,1.5378949075466652,24.820380285609364,24.8394775390625
880000,1,1,1.5417391628626644,24.83894973688046,24.856811008000005
885000,1,1,1.54559370663411,24.856289812263398,24.872940779437506
890000,1,1,1.549458508122065,24.87242716236842,24.887895194
895000,1,1,1.553333538256988,24.88739014790308,24.9017043248125
900000,1,1,1.5572187698296713,24.90120886217021,24.914399999999997
905000,1,1,1.5611141776732769,24.913915153566066,24.9260158251875
910000,1,1,1.5650197388350209,24.92554264807873,24.936587206000002
915000,1,1,1.5689354327359977,24.93612677178676,24.946151370562497
920000,1,1,1.572861241317548,24.945704773358205,24.954747391999998
925000,1,1,1.576797149172514,24.954315746549764,24.96241621093751
930000,1,1,1.5807431436596413,24.96200065270639,24.969200658
935000,1,1,1.5846992149993102,24.968802343261114,24.9751454763125
940000,1,1,1.5886653563487003,24.974765582235182,24.980297344000007
945000,1,1,1.5926415638544118,24.979937068738526,24.98470489668751
950000,1,1,1.596627836680478,24.98436545947052,24.98841874999999
955000,1,1,1.6006241770096277,24.988101391221026,24.9914915220625
960000,1,1,1.604630590015552,24.991197503371662,24.993977856
965000,1,1,1.6086470838038627,24.99370846039741,24.99593444243749
970000,1,1,1.6126736693193142,24.99569097436831,24.997420041999995
975000,1,1,1.6167103602167845,24.997203827451425,24.998495507812493
980000,1,1,1.6207571726934036,24.99830789441292,24.999223807999986
985000,1,1,1.6248141252791297,24.99906616512014,24.999670048187504
990000,1,1,1.6288812385829585,24.9995437670438,24.999901493999996
995000,1,1,1.632958534991863,24.999807987760043,24.999987593562487
1000000,1,1,1.6370460383196102,24.999928162173195,25
