time,species,patch,n,m,Tenv
0,1,1,1,15,15
5000,1,1,1.648721481264165,15.000001409731418,15.0000124064375
10000,1,1,2.718282213709253,15.00002047218582,15.000098506
15000,1,1,4.481689881796713,15.000094576374298,15.0003299518125
20000,1,1,7.389057308884983,15.000274122676572,15.000776192
25000,1,1,12.182493640952528,15.000616540400369,15.0015044921875
30000,1,1,20.08552431657827,15.001182668063768,15.002579958
35000,1,1,33.1153842190824,15.002034566696588,15.0040655575625
40000,1,1,54.597882672149055,15.003234202271452,15.006022144
45000,1,1,90.01622631630265,15.004842655265342,15.0085084779375
50000,1,1,148.41038803021934,15.006919649925935,15.01158125
55000,1,1,244.68404569643954,15.00952327744,15.0152951033125
60000,1,1,403.40759345110513,15.012709836707657,15.019702656
65000,1,1,665.0872130316993,15.016533746451577,15.0248545236875
70000,1,1,1096.498713575638,15.021047500601577,15.030799342
75000,1,1,1807.7208470573514,15.026301649939121,15.0375837890625
80000,1,1,2980.209930443744,15.032344799684864,15.045252608
85000,1,1,4913.070103572004,15.039223616774239,15.0538486294375
90000,1,1,8099.3070089700495,15.046982843029374,15.063412794
95000,1,1,13351.484813792102,15.055665311929044,15.0739841748125
100000,1,1,22008.77683224577,15.065311967583884,15.0856
105000,1,1,36278.10090585431,15.075961885072708,15.0982956751875
110000,1,1,59796.115299640565,15.087652291628256,15.112104806
115000,1,1,98554.9669126708,15.100418588362064,15.1270592205625
120000,1,1,162427.04909528562,15.114294372339744,15.143188992
125000,1,1,267676.0465274155,15.129311458891786,15.1605224609375
130000,1,1,441091.6767026314,15.145499904089249,15.179086258
135000,1,1,726797.0647968071,15.162888027340541,15.1989053263125
140000,1,1,1197454.5518310342,15.181502434081404,15.220002944
145000,1,1,1972708.8676701975,15.20136803854,15.2424007466875
150000,1,1,3249536.677538114,15.222508086564487,15.26611875
155000,1,1,5352179.742428153,15.244944178503996,15.2911753720625
160000,1,1,8814282.516679415,15.2686962921358,15.317587456
165000,1,1,14513976.948258892,15.29378280563262,15.3453702924375
170000,1,1,23895998.12850582,15.320220520564733,15.374537642
175000,1,1,39336820.46510841,15.348024684931797,15.4051017578125
180000,1,1,64744767.613386564,15.37720901621969,15.437073408
185000,1,1,106546068.8639299,15.407785724477653,15.4704618981875
190000,1,1,175304672.79480875,15.439765535411242,15.505275094
195000,1,1,288382456.4895471,15.473157713486621,15.5415194435625
200000,1,1,474306910.12494403,15.507970085041876,15.5792
205000,1,1,779940278.3391802,15.544209061401023,15.618320443937499
210000,1,1,1282243708.6372054,15.581879661986646,15.658883106
215000,1,1,2107575941.2754529,15.620985537427062,15.7008889893125
220000,1,1,3463342734.3109355,15.66152899265417,15.744337792
225000,1,1,5689885475.57673,15.703511009988203,15.7892279296875
230000,1,1,9345525006.867582,15.746931272205792,15.835556558
235000,1,1,15345901860.44752,15.79178818558791,15.883319595062499
240000,1,1,25192204608.13098,15.838078902944426,15.932511744
245000,1,1,41344868018.68687,15.885799346612151,15.9831265154375
250000,1,1,67835257434.07579,15.934944231423504,16.03515625
255000,1,1,111266562834.71687,15.985507087643072,16.0885921408125
260000,1,1,182450994673.26804,16.037480283869495,16.143424256
265000,1,1,299086881451.705,16.09085504990035,16.1996415611875
270000,1,1,490134669542.34656,16.14562149955794,16.257231942
275000,1,1,802967466199.1947,16.201768653473927,16.3161822265625
280000,1,1,1315051207039.3794,16.259284461831243,16.376478208
285000,1,1,2153017095039.1777,16.31815582706154,16.438104666937498
290000,1,1,3523793918048.6313,16.378368626497014,16.501045394
295000,1,1,5765408024046.353,16.439907734975392,16.5652832123125
300000,1,1,9429846969448.31,16.502757047397168,16.6308
305000,1,1,15418177277610.264,16.56689950123446,16.6975767126875
310000,1,1,25200791767180.586,16.63231709899086,16.765593406
315000,1,1,41176297475441.06,16.698990930612172,16.8348292580625
320000,1,1,67256116143200.49,16.766901195847808,16.905262592
325000,1,1,109816431217633.39,16.836027226563175,16.9768708984375
330000,1,1,179247795482039.84,16.906347509003233,17.049630858
335000,1,1,292476802186159.75,16.977839706007952,17.1235183638125
340000,1,1,477068265072458,17.050480679180524,17.198508544
345000,1,1,777896421862260,17.124246511009154,17.2745757841875
350000,1,1,1267990659794680.5,17.199112526943896,17.35169375
355000,1,1,2066162679864377.5,17.27505331742988,17.4298354095625
360000,1,1,3365646817024480,17.352042759898616,17.508973056000002
365000,1,1,5480621111962485,17.430054040719348,17.5890783299375
370000,1,1,8921751460011098,17.509059677112468,17.670122241999998
375000,1,1,14518832762042552,17.589031539027292,17.7520751953125
380000,1,1,23619837728743020,17.669940870986785,17.834907008000002
385000,1,1,38413897014916144,17.751758313901853,17.9185869356875
390000,1,1,62455248997929870,17.83445392685814,18.003083694
395000,1,1,101513018251808020,17.917997208878276,18.0883654810625
400000,1,1,164949154125352260,18.002357120662953,18.1744
405000,1,1,267952344259132580,18.087502106314062,18.2611544814375
410000,1,1,4.3515895933361043e+17,18.173400115043442,18.348595706
415000,1,1,706521198284209200,18.260018622870952,18.4366900268125
420000,1,1,1146815549234129700,18.347324654315468,18.525403392
425000,1,1,1861047544991008800,18.435284804082833,18.6147013671875
430000,1,1,3019405845415671e3,18.523865258754455,18.704549158
435000,1,1,489768034620914e4,18.61303181848073,18.7949116325625
440000,1,1,7942720478771193e3,18.702749918683164,18.885753344
445000,1,1,12878437176872767e3,18.792984651769288,18.9770385529375
450000,1,1,2087744736011671e4,18.88370078886431,19.06873125
455000,1,1,33838993737459945e3,18.974862801563546,19.1607951783125
460000,1,1,5483891991002615e4,19.066434883709558,19.253193856
465000,1,1,8885819547168393e4,19.158380973197733,19.3458905986875
470000,1,1,14396240228914215e4,19.2506647738142,19.438848542
475000,1,1,2.3321133034735065e+20,19.343249777109595,19.5320306640625
480000,1,1,3777506654046219e5,19.436099284312103,19.625399807999997
485000,1,1,6118176675496002e5,19.52917642828319,19.7189187044375
490000,1,1,9908460992088443e5,19.62244419551895,19.812549994
495000,1,1,1604590078094027e6,19.715865448199988,19.9062562498125
500000,1,1,25983763613205833e5,19.809402946292504,20
505000,1,1,4207522559781955e6,19.903019369702815,20.0937437501875
510000,1,1,6813083453026869e6,19.99667734048744,20.187450006
515000,1,1,11032152402247167e6,20.09033944512052,20.2810812955625
520000,1,1,17864156748485914e6,20.183968256819984,20.374600192000003
525000,1,1,28927901959109365e6,20.277526357933617,20.4679693359375
530000,1,1,46845718602165235e6,20.370976362385782,20.561151458
535000,1,1,7586610617971377e7,20.464280938185283,20.6541094013125
540000,1,1,12287313187180178e7,20.557402829994405,20.746806144
545000,1,1,1990231380438394e8,20.650304881758924,20.8392048216875
550000,1,1,32239916843775695e7,20.74295005939842,20.93126875
555000,1,1,52231688922830994e7,20.83530147355601,21.0229614470625
560000,1,1,8463111331087034e8,20.927322402406077,21.114246656
565000,1,1,13714746325136293e8,21.018976314518493,21.2050883674375
570000,1,1,22228647394694032e8,21.110226891777252,21.295450842
575000,1,1,3603391864016183e9,21.20103805235134,21.385298632812496
580000,1,1,5842364854609803e9,21.291373973715167,21.474596608
585000,1,1,9474361680038606e9,21.38119911571583,21.5633099731875
590000,1,1,15367405999545008e9,21.47047824368399,21.651404294
595000,1,1,2493133546612092e10,21.559176451585078,21.7388455185625
600000,1,1,4045663553252275e10,21.647259185207343,21.8256
605000,1,1,6566559943991711e10,21.734692265382844,21.911634518937497
610000,1,1,10660915081031898e10,21.821441911237617,21.996916306000003
615000,1,1,17312658565391103e10,21.907474763466944,22.0814130643125
620000,1,1,28122234993598267e10,21.99275790763154,22.165092991999998
625000,1,1,456937237928943e12,22.07725889747049,22.2479248046875
630000,1,1,7426557747104628e11,22.16094577822661,22.329877758000002
635000,1,1,12073863832058101e11,22.243787109979895,22.4109216700625
640000,1,1,19635224189734873e11,22.325751990984866,22.491026943999998
645000,1,1,3194179165406863e12,22.406810081007407,22.5701645904375
650000,1,1,5197795586924517e12,22.486931624656897,22.64830625
655000,1,1,8460929667753049e12,22.566087474709505,22.7254242158125
660000,1,1,13777110508795292e12,22.644249115418592,22.801491456
665000,1,1,22440954136082656e12,22.72138868580824,22.8764816361875
670000,1,1,36565314398294452e12,22.797479002946144,22.950369142
675000,1,1,5959963068010273e13,22.87249358519221,23.0231291015625
680000,1,1,9717740055352753e13,22.94640667541944,23.094737408
685000,1,1,15850222996805502e13,23.01919326420371,23.1651707419375
690000,1,1,25861549789760824e13,23.090829112979574,23.234406594
695000,1,1,4221076472798967e14,23.16129077715899,23.3024232873125
700000,1,1,6891941389710792e14,23.23055562921059,23.3692
705000,1,1,11256659917814563e14,23.298601881696904,23.4347167876875
710000,1,1,1839190930988336e15,23.365408610267515,23.498954605999998
715000,1,1,30060267116519123e14,23.430955776606183,23.5618953330625
720000,1,1,49148108630928927e14,23.495224251330317,23.623521792
725000,1,1,803836486095298e16,23.558195836841374,23.683817773437497
730000,1,1,1315147004862218e16,23.619853290125086,23.742768057999996
735000,1,1,21524104485040494e15,23.680180345500585,23.800358438812502
740000,1,1,35238580152058246e15,23.73916173731787,23.856575743999997
745000,1,1,5771016697052777e16,23.796783222603175,23.911407859187495
750000,1,1,945419993719163e17,23.853031603652163,23.96484375
755000,1,1,1549292657573443e17,23.907894750571113,24.016873484562502
760000,1,1,253966184382541e18,23.961361623766393,24.067488256
765000,1,1,41643710702387784e16,24.013422296382945,24.116680404937497
770000,1,1,6830479937792138e17,24.0640679766926,24.164443442000003
775000,1,1,1120671453901336e18,24.11329103043331,24.2107720703125
780000,1,1,1839194072998151e18,24.16108500310066,24.255662208000004
785000,1,1,30192265222642364e17,24.207444642193238,24.2991110106875
790000,1,1,4957689560434745e18,24.252365919413545,24.341116894000002
795000,1,1,8142821910618631e18,24.29584605282655,24.381679556062494
800000,1,1,13377621319989728e18,24.33788352897801,24.4208
805000,1,1,21983027216351977e18,24.378478124975025,24.458480556437504
810000,1,1,36132410241171307e18,24.417630930531327,24.494724905999995
815000,1,1,5940230961846959e19,24.455344369980192,24.529538101812506
820000,1,1,9767934965982559e19,24.4916222242579,24.562926592000004
825000,1,1,1606538869161184e20,24.526469652860925,24.5948982421875
830000,1,1,26428027368161055e19,24.55989321578015,24.625462358000004
835000,1,1,43482975104681025e19,24.591900895415538,24.654629707562503
840000,1,1,7155676443603058e20,24.622502118475015,24.682412543999995
845000,1,1,11777551982409689e20,24.651707777861247,24.708824627937496
850000,1,1,1938778607984841e21,24.67953025455023,24.733881249999992
855000,1,1,31920247587183896e20,24.705983439465708,24.757599253312495
860000,1,1,5256118574290655e21,24.731082755353615,24.779997055999996
865000,1,1,8656074845932693e21,24.754845178660595,24.8010946736875
870000,1,1,14257058695619975e21,24.777289261421103,24.820913741999995
875000,1,1,23484870426258776e21,24.79843515315718,24.8394775390625
880000,1,1,38689399793675337e21,24.81830462279546,24.856811008000005
885000,1,1,6374377805247949e22,24.83692108060557,24.872940779437506
890000,1,1,10503210996106194e22,24.854309600164456,24.887895194
895000,1,1,1730778432621926e23,24.870496940350712,24.9017043248125
900000,1,1,28522835261118673e22,24.885511567373197,24.914399999999997
905000,1,1,4700809161316223e23,24.899383676837846,24.9260158251875
910000,1,1,7747797678806941e23,24.91214521585668,24.936587206000002
915000,1,1,12770468032811246e23,24.923829905202417,24.946151370562497
920000,1,1,21050168318936765e23,24.93447326151227,24.954747391999998
925000,1,1,34699405673075874e23,24.94411261954358,24.96241621093751
930000,1,1,5720103148171079e24,24.95278715448415,24.969200658
935000,1,1,9429721692892958e24,24.960537904319175,24.9751454763125
940000,1,1,1554551396893341e25,24.96740779225641,24.980297344000007
945000,1,1,2562835162248352e25,24.973441649210358,24.98470489668751
950000,1,1,4225168187677457e25,24.978686236345812,24.98841874999999
955000,1,1,6965841773874942e25,24.983190267679902,24.9914915220625
960000,1,1,11484397074295277e25,24.98700443274126,24.993977856
965000,1,1,18934187275157096e25,24.990181419283616,24.99593444243749
970000,1,1,3121677702127396e26,24.992775936050144,24.997420041999995
975000,1,1,514673241649354e27,24.99484473558366,24.998495507812493
980000,1,1,8485483824916117e26,24.996446637076176,24.999223807999986
985000,1,1,13990158027033408e26,24.99764254925016,24.999670048187504
990000,1,1,23065838364545452e26,24.998495493261984,24.999901493999996
995000,1,1,3802911470475936e27,24.999070625616287,24.999987593562487
1000000,1,1,6269939650795114e27,24.99943526107604,25
