time,species,patch,n,m,Tenv
0,1,1,1,15,15
5000,1,1,0.9999999999957969,15.00000042174877,15.0000124064375
10000,1,1,0.9999999997682217,15.000003792586073,15.000098506
15000,1,1,0.9999999969783395,15.000015980386516,15.0003299518125
20000,1,1,0.9999999797084702,15.00004742797745,15.000776192
25000,1,1,0.99999990773097,15.000112379771345,15.0015044921875
30000,1,1,0.9999996835624277,15.00022793126041,15.002579958
35000,1,1,0.9999991098023626,15.000413917969793,15.0040655575625
40000,1,1,0.999997838410807,15.00069266593678,15.006022144
45000,1,1,0.9999952991717239,15.001088773793066,15.0085084779375
50000,1,1,0.9999905893980964,15.00162914145671,15.01158125
55000,1,1,0.9999823949629142,15.002342346249677,15.0152951033125
60000,1,1,0.9999688942654756,15.00325836006014,15.019702656
65000,1,1,0.9999476356817198,15.004408422886295,15.0248545236875
70000,1,1,0.9999154124093003,15.005824923861091,15.030799342
75000,1,1,0.9998681367574751,15.007541181711387,15.0375837890625
80000,1,1,0.9998007255865939,15.009591265339862,15.045252608
85000,1,1,0.9997069469286487,15.012009782990159,15.0538486294375
90000,1,1,0.9995792994421525,15.014831742479688,15.063412794
95000,1,1,0.999408906484061,15.018092434914465,15.0739841748125
100000,1,1,0.9991854010026803,15.021827297008917,15.0856
105000,1,1,0.9988968086639842,15.026071764276857,15.0982956751875
110000,1,1,0.9985294458776999,15.030861141309646,15.112104806
115000,1,1,0.9980678371799636,15.036230492485487,15.1270592205625
120000,1,1,0.9974946468319511,15.042214540592626,15.143188992
125000,1,1,0.9967906228780418,15.04884756543688,15.1605224609375
130000,1,1,0.9959345579421166,15.056163304927885,15.179086258
135000,1,1,0.9949032708576642,15.06419486395343,15.1989053263125
140000,1,1,0.9936716113907957,15.072974631302351,15.220002944
145000,1,1,0.9922124887817672,15.082534201961012,15.2424007466875
150000,1,1,0.9904969254045026,15.092904303284739,15.26611875
155000,1,1,0.9884941377380705,15.10411472562106,15.2911753720625
160000,1,1,0.9861716468235742,15.116194258244878,15.317587456
165000,1,1,0.9834954197605084,15.129170630543937,15.3453702924375
170000,1,1,0.9804300433601578,15.143070457882843,15.374537642
175000,1,1,0.976938930967056,15.15791919184751,15.4051017578125
180000,1,1,0.9729845633207885,15.173741074956173,15.437073408
185000,1,1,0.9685287639291016,15.19055909994768,15.4704618981875
190000,1,1,0.9635330088560982,15.208394973572835,15.505275094
195000,1,1,0.9579587702554055,15.227269084723874,15.5415194435625
200000,1,1,0.9517678924078425,15.247200476790495,15.5792
205000,1,1,0.9449229983772949,15.268206824193408,15.618320443937499
210000,1,1,0.9373879246470049,15.29030441303726,15.658883106
215000,1,1,0.9291281802541265,15.313508125784505,15.7008889893125
220000,1,1,0.9201114262370588,15.337831429809327,15.744337792
225000,1,1,0.9103079701886739,15.36328636971784,15.7892279296875
230000,1,1,0.8996912698046515,15.389883563335975,15.835556558
235000,1,1,0.8882384388275325,15.417632201209042,15.883319595062499
240000,1,1,0.8759307477508076,15.446540049474955,15.932511744
245000,1,1,0.8627541109615648,15.476613455963927,15.9831265154375
250000,1,1,0.8486995514243418,15.507857359373995,16.03515625
255000,1,1,0.833763633595131,15.540275301365364,16.0885921408125
260000,1,1,0.8179488549822839,15.573869441412501,16.143424256
265000,1,1,0.8012639866804308,15.608640574252204,16.1996415611875
270000,1,1,0.7837243536463232,15.644588149770666,16.257231942
275000,1,1,0.7653520442953545,15.681710295152254,16.3161822265625
280000,1,1,0.7461760425367685,15.720003839153028,16.376478208
285000,1,1,0.7262322754220109,15.759464338355201,16.438104666937498
290000,1,1,0.7055635669770658,15.80008610520886,16.501045394
295000,1,1,0.6842194955351482,15.84186223774422,16.5652832123125
300000,1,1,0.662256151183764,15.884784650815936,16.6308
305000,1,1,0.6397357921039406,15.928844108746103,16.6975767126875
310000,1,1,0.616726400393129,15.97403025923631,16.765593406
315000,1,1,0.5933011413689699,16.020331668434327,16.8348292580625
320000,1,1,0.5695377284361911,16.067735857033018,16.905262592
325000,1,1,0.545517702917823,16.116229337308248,16.9768708984375
330000,1,1,0.5213256435956252,16.16579765102172,17.049630858
335000,1,1,0.4970483116489306,16.21642540807443,17.1235183638125
340000,1,1,0.4727737450359632,16.268096325833877,17.198508544
345000,1,1,0.4485903189625248,16.320793269069977,17.2745757841875
350000,1,1,0.424585789602926,16.374498290438346,17.35169375
355000,1,1,0.40084633810480924,16.429192671451872,17.4298354095625
360000,1,1,0.37745563202544186,16.48485696388644,17.508973056000002
365000,1,1,0.354493921696661,16.541471031575146,17.5890783299375
370000,1,1,0.332037188762115,16.599014092552178,17.670122241999998
375000,1,1,0.3101563630177351,16.65746476151171,17.7520751953125
380000,1,1,0.28891662201356305,16.716801092550433,17.834907008000002
385000,1,1,0.2683767859320941,16.77700062216596,17.9185869356875
390000,1,1,0.24858881808003738,16.8380404124871,18.003083694
395000,1,1,0.2295974282744457,16.899897094697522,18.0883654810625
400000,1,1,0.21143983159334565,16.962546912714302,18.1744
405000,1,1,0.19414558834977275,17.025965766960702,18.2611544814375
410000,1,1,0.17773656938233404,17.09012925831376,18.348595706
415000,1,1,0.16222704844795263,17.155012732212974,18.4366900268125
420000,1,1,0.14762391326268398,17.22059132288495,18.525403392
425000,1,1,0.13392696331941237,17.28683999765595,18.6147013671875
430000,1,1,0.12112930405356481,17.3537336013492,18.704549158
435000,1,1,0.10921782348606683,17.421246900743736,18.7949116325625
440000,1,1,0.09817373528718548,17.489354629065772,18.885753344
445000,1,1,0.08797317241549286,17.558031530481678,18.9770385529375
450000,1,1,0.07858781577047859,17.627252404563244,19.06873125
455000,1,1,0.06998554967547031,17.696992150684956,19.1607951783125
460000,1,1,0.062131122886562654,17.767225812319843,19.253193856
465000,1,1,0.054986804824597536,17.837928621182137,19.3458905986875
470000,1,1,0.04851302645913657,17.90907604115364,19.438848542
475000,1,1,0.042668992034357464,17.980643811941924,19.5320306640625
480000,1,1,0.03741325243801263,18.052607992406514,19.625399807999997
485000,1,1,0.0327042332852744,18.124945003477013,19.7189187044375
490000,1,1,0.028500712460692634,18.197631670578286,19.812549994
495000,1,1,0.024762242952115713,18.2706452654719,19.9062562498125
500000,1,1,0.02144951880076137,18.343963547414617,20
505000,1,1,0.01852468332355666,18.417564803525607,20.0937437501875
510000,1,1,0.015951573285556853,18.49142788825894,20.187450006
515000,1,1,0.013695917104974868,18.56553226182275,20.2810812955625
520000,1,1,0.011725478051213005,18.639858027426293,20.374600192000003
525000,1,1,0.010010147052216466,18.71438596720791,20.4679693359375
530000,1,1,0.008521990901639867,18.789097576681304,20.561151458
535000,1,1,0.007235262070380755,18.863975097526936,20.6541094013125
540000,1,1,0.006126375323455846,18.939001548545765,20.746806144
545000,1,1,0.005173855618698087,19.014160754582342,20.8392048216875
550000,1,1,0.004358262103432553,19.089437373211513,20.93126875
555000,1,1,0.003662093376478092,19.164816918969205,21.0229614470625
560000,1,1,0.0030696788991303164,19.240285784894677,21.114246656
565000,1,1,0.0025670607708086794,19.31583126113891,21.2050883674375
570000,1,1,0.002141869494719675,19.391441550380215,21.295450842
575000,1,1,0.001783196953264812,19.46710577977384,21.385298632812496
580000,1,1,0.0014814694312458247,19.5428140091475,21.474596608
585000,1,1,0.0012283230584334195,19.61855723513945,21.5633099731875
590000,1,1,0.0010164835377821243,19.69432739096028,21.651404294
595000,1,1,8.396515704252104e-4,19.770117341443342,21.7388455185625
600000,1,1,6.923949727654941e-4,19.84592087302337,21.8256
605000,1,1,5.700481936520917e-4,19.921732678272416,21.911634518937497
610000,1,1,4.686201884317049e-4,19.997548334726986,21.996916306000003
615000,1,1,3.8470959331716743e-4,20.073364277345625,22.0814130643125
620000,1,1,3.1542810262039e-4,20.14917776437406,22.165092991999998
625000,1,1,2.583317015382971e-4,20.224986836152002,22.2479248046875
630000,1,1,2.1135937377531148e-4,20.300790266406636,22.329877758000002
635000,1,1,1.727787524499417e-4,20.376587505551186,22.4109216700625
640000,1,1,1.4113822892309773e-4,20.45237861551691,22.491026943999998
645000,1,1,1.1522505290807806e-4,20.528164195652984,22.5701645904375
650000,1,1,9.402890874756913e-5,20.60394529922517,22.64830625
655000,1,1,7.671041179375097e-5,20.679723340045726,22.7254242158125
660000,1,1,6.257398308089589e-5,20.75549998878586,22.801491456
665000,1,1,5.104460695776594e-5,20.83127705855721,22.8764816361875
670000,1,1,4.164801694131627e-5,20.907056379397492,22.950369142
675000,1,1,3.3993882715894714e-5,20.982839661360387,23.0231291015625
680000,1,1,2.7761600468178334e-5,21.058628345995924,23.094737408
685000,1,1,2.268832747441441e-5,21.13442344612174,23.1651707419375
690000,1,1,1.8558944115151097e-5,21.21022537393,23.234406594
695000,1,1,1.51976643747353e-5,21.286033757653282,23.3024232873125
700000,1,1,1.2461047936051509e-5,21.36184724722749,23.3692
