time,species,patch,n,m,Tenv
0,1,1,1,15,15
5000,1,1,1.0025031276981553,15.000012036421248,15.0000124064375
10000,1,1,1.0050125209463738,15.000097055056917,15.000098506
15000,1,1,1.007528195532696,15.00032670725074,15.0003299518125
20000,1,1,1.0100501671745186,15.000770460421782,15.000776192
25000,1,1,1.0125784516312697,15.00149568303465,15.0015044921875
30000,1,1,1.0151130647033955,15.002567365748012,15.002579958
35000,1,1,1.017654022234496,15.004048577728613,15.0040655575625
40000,1,1,1.020201340106149,15.006000188711013,15.006022144
45000,1,1,1.0227550342379117,15.008480971554272,15.0085084779375
50000,1,1,1.0253151205887119,15.011547638517746,15.01158125
55000,1,1,1.02788161515768,15.015254853031587,15.0152951033125
60000,1,1,1.0304545339841278,15.019655253128784,15.019702656
65000,1,1,1.0330338931473564,15.02479947425531,15.0248545236875
70000,1,1,1.035619708766619,15.030736170992334,15.030799342
75000,1,1,1.0382119970012367,15.03751203971482,15.0375837890625
80000,1,1,1.0408107740507624,15.04517185029872,15.045252608
85000,1,1,1.043416056155108,15.053758446197074,15.0538486294375
90000,1,1,1.0460278595945198,15.063312777384523,15.063412794
95000,1,1,1.04864620068979,15.07387395227336,15.0739841748125
100000,1,1,1.0512710958024913,15.085479217725133,15.0856
105000,1,1,1.0539025613347455,15.098163973339014,15.0982956751875
110000,1,1,1.0565406137294633,15.111961869460847,15.112104806
115000,1,1,1.0591852694708788,15.126904738178473,15.1270592205625
120000,1,1,1.0618365450838887,15.143022673381022,15.143188992
125000,1,1,1.0644944571348034,15.16034403262196,15.1605224609375
130000,1,1,1.0671590222311096,15.178895463202572,15.179086258
135000,1,1,1.069830257021701,15.198701925003647,15.1989053263125
140000,1,1,1.0725081781969958,15.219786712606314,15.220002944
145000,1,1,1.0751928024890522,15.242171477840527,15.2424007466875
150000,1,1,1.077884146671677,15.265876251703554,15.26611875
155000,1,1,1.080582227560537,15.290919466990758,15.2911753720625
160000,1,1,1.0832870620133153,15.3173179900002,15.317587456
165000,1,1,1.0859986669298374,15.345087120593941,15.3453702924375
170000,1,1,1.0887170592520097,15.374240625165909,15.374537642
175000,1,1,1.091442255964106,15.404790788559616,15.4051017578125
180000,1,1,1.0941742740930842,15.43674839404207,15.437073408
185000,1,1,1.0969131307082345,15.470122737622884,15.4704618981875
190000,1,1,1.0996588429214793,15.504921726084174,15.505275094
195000,1,1,1.1024114278881,15.54115180792068,15.5415194435625
200000,1,1,1.1051709028057615,15.578818053442392,15.5792
205000,1,1,1.107937284915493,15.617924156620322,15.618320443937499
210000,1,1,1.1107105915014635,15.658472461173501,15.658883106
215000,1,1,1.1134908398911685,15.700463983400699,15.7008889893125
220000,1,1,1.1162780474555696,15.743898434300947,15.744337792
225000,1,1,1.1190722316092698,15.78877424212211,15.7892279296875
230000,1,1,1.1218734098104473,15.835088574279364,15.835556558
235000,1,1,1.1246815995611037,15.882837359985984,15.883319595062499
240000,1,1,1.1274968184072385,15.932015321957943,15.932511744
245000,1,1,1.1303190839389716,15.982615976475218,15.9831265154375
250000,1,1,1.1331484137905337,16.034631666349636,16.03515625
255000,1,1,1.135984825640475,16.08805361284263,16.0885921408125
260000,1,1,1.1388283372119432,16.142871895639114,16.143424256
265000,1,1,1.1416789662724747,16.19907546716661,16.1996415611875
270000,1,1,1.1445367306342342,16.25665225062516,16.257231942
275000,1,1,1.1474016481546223,16.31558907092739,16.3161822265625
280000,1,1,1.1502737367355202,16.37587173480122,16.376478208
285000,1,1,1.1531530143241093,16.437485032635575,16.438104666937498
290000,1,1,1.1560394989127063,16.500412764567375,16.501045394
295000,1,1,1.1589332085389386,16.564637763313325,16.5652832123125
300000,1,1,1.1618341612858702,16.630141916290356,16.6308
305000,1,1,1.16474237528212,16.69690618816425,16.6975767126875
310000,1,1,1.1676578687019805,16.76491064276809,16.765593406
315000,1,1,1.1705806597655417,16.834134465733058,16.8348292580625
320000,1,1,1.1735107667388787,16.904555995784765,16.905262592
325000,1,1,1.1764482079340706,16.976152722867564,16.9768708984375
330000,1,1,1.1793930017092986,17.048901339585083,17.049630858
335000,1,1,1.182345166469037,17.12277774621631,17.1235183638125
340000,1,1,1.1853047206641725,17.197757078104022,17.198508544
345000,1,1,1.1882716827921314,17.273813728525198,17.2745757841875
350000,1,1,1.1912460713969832,17.35092137003723,17.35169375
355000,1,1,1.1942279050695417,17.42905297758834,17.4298354095625
360000,1,1,1.197217202447491,17.50818085093031,17.508973056000002
365000,1,1,1.2002139822155111,17.588276637063224,17.5890783299375
370000,1,1,1.2032182631053947,17.669311352771647,17.670122241999998
375000,1,1,1.2062300638961592,17.75125540711656,17.7520751953125
380000,1,1,1.2092494034141616,17.834078623933657,17.834907008000002
385000,1,1,1.2122763005332156,17.917750264335314,17.9185869356875
390000,1,1,1.2153107741747073,18.002239049209994,18.003083694
395000,1,1,1.2183528433077115,18.087513181722205,18.0883654810625
400000,1,1,1.221402526949104,18.173540369812628,18.1744
405000,1,1,1.2244598441636756,18.26028784869804,18.2611544814375
410000,1,1,1.2275248140642472,18.347722403371332,18.348595706
415000,1,1,1.2305974558117814,18.435810391101537,18.4366900268125
420000,1,1,1.2336777886154968,18.524517763933776,18.525403392
425000,1,1,1.2367658317329802,18.613810091189325,18.6147013671875
430000,1,1,1.2398616044702977,18.703652581965557,18.704549158
435000,1,1,1.2429651261821082,18.794010107635962,18.7949116325625
440000,1,1,1.246076416271774,18.884847224350164,18.885753344
445000,1,1,1.2491954941914722,18.97612819553389,18.9770385529375
450000,1,1,1.2523223794423066,19.06781701438901,19.06873125
455000,1,1,1.2554570915744174,19.159877426393482,19.1607951783125
460000,1,1,1.2585996501870922,19.252272951801412,19.253193856
465000,1,1,1.2617500749288764,19.344966908143004,19.3458905986875
470000,1,1,1.2649083854976837,19.4379224327246,19.438848542
475000,1,1,1.2680746016409057,19.531102505128647,19.5320306640625
480000,1,1,1.271248743155522,19.624469969713715,19.625399807999997
485000,1,1,1.2744308298882103,19.7179875581145,19.7189187044375
490000,1,1,1.2776208817354555,19.8116179117418,19.812549994
495000,1,1,1.2808189186436607,19.905323604282557,19.9062562498125
500000,1,1,1.2840249606092546,19.99906716419981,20
505000,1,1,1.2872390276788044,20.092811097232737,20.0937437501875
510000,1,1,1.2904611399491228,20.186517908896622,20.187450006
515000,1,1,1.2936913175673792,20.280150126982868,20.2810812955625
520000,1,1,1.2969295807312087,20.373670324059006,20.374600192000003
525000,1,1,1.300175949688823,20.467041139968668,20.4679693359375
530000,1,1,1.3034304447391212,20.560225304331638,20.561151458
535000,1,1,1.3066930862317987,20.653185659043785,20.6541094013125
540000,1,1,1.3099638945674585,20.74588518077713,20.746806144
545000,1,1,1.3132428901977231,20.83828700347977,20.8392048216875
550000,1,1,1.316530093625344,20.93035444087597,20.93126875
555000,1,1,1.3198255254043145,21.02205100896608,21.0229614470625
560000,1,1,1.323129206139982,21.113340448526593,21.114246656
565000,1,1,1.3264411564891592,21.204186747610088,21.2050883674375
570000,1,1,1.3297613971602376,21.294554164045305,21.295450842
575000,1,1,1.3330899489133008,21.384407247937066,21.385298632812496
580000,1,1,1.336426832560238,21.473710864166343,21.474596608
585000,1,1,1.3397720689648585,21.562430214890203,21.5633099731875
590000,1,1,1.3431256790430068,21.650530862041858,21.651404294
595000,1,1,1.3464876837626785,21.73797874983061,21.7388455185625
600000,1,1,1.3498581041441358,21.824740227241897,21.8256
605000,1,1,1.3532369612600241,21.910782070537284,21.911634518937497
610000,1,1,1.3566242762354912,21.99607150575443,21.996916306000003
615000,1,1,1.3600200702483043,22.080576231207136,22.0814130643125
620000,1,1,1.3634243645289699,22.164264439985327,22.165092991999998
625000,1,1,1.3668371803608534,22.247104842455023,22.2479248046875
630000,1,1,1.3702585390803008,22.329066688758363,22.329877758000002
635000,1,1,1.3736884620767589,22.41011979131365,22.4109216700625
640000,1,1,1.3771269707929001,22.49023454731525,22.491026943999998
645000,1,1,1.3805740867247447,22.569381961233685,22.5701645904375
650000,1,1,1.3840298314217854,22.647533667315592,22.64830625
655000,1,1,1.3874942264871144,22.724661952083693,22.7254242158125
660000,1,1,1.3909672935775481,22.800739776836885,22.801491456
665000,1,1,1.3944490544037575,22.875740800150144,22.8764816361875
670000,1,1,1.397939530730395,22.949639400374572,22.950369142
675000,1,1,1.401438744376225,23.022410698137403,23.0231291015625
680000,1,1,1.4049467172142558,23.094030578841984,23.094737408
685000,1,1,1.408463471171871,23.164475715167782,23.1651707419375
690000,1,1,1.411989028230964,23.233723589570378,23.234406594
695000,1,1,1.4155234104280727,23.30175251678147,23.3024232873125
700000,1,1,1.419066639854515,23.3685416663089,23.3692
705000,1,1,1.4226187386565263,23.434071084936594,23.4347167876875
710000,1,1,1.4261797290353984,23.498321719224624,23.498954605999998
715000,1,1,1.4297496332476192,23.561275438009176,23.5618953330625
720000,1,1,1.4333284736050134,23.62291505490253,23.623521792
725000,1,1,1.4369162724748867,23.683224350793143,23.683817773437497
730000,1,1,1.4405130522801677,23.742188096345533,23.742768057999996
735000,1,1,1.4441188354995533,23.79979207450035,23.800358438812502
740000,1,1,1.4477336446676567,23.856023102974394,23.856575743999997
745000,1,1,1.4513575023751528,23.91086905676057,23.911407859187495
750000,1,1,1.454990431268929,23.964318890627876,23.96484375
755000,1,1,1.458632454052236,24.016362661621447,24.016873484562502
760000,1,1,1.462283593484838,24.066991551562566,24.067488256
765000,1,1,1.4659438723831661,24.116197889548584,24.116680404937497
770000,1,1,1.4696133136204739,24.163975174453007,24.164443442000003
775000,1,1,1.4732919401269913,24.21031809742547,24.2107720703125
780000,1,1,1.4769797748900828,24.255222564391673,24.255662208000004
785000,1,1,1.4806768409544053,24.298685718553493,24.2991110106875
790000,1,1,1.4843831614220664,24.340705962888908,24.341116894000002
795000,1,1,1.488098759452786,24.381282982651992,24.381679556062494
800000,1,1,1.4918236582640567,24.420417767872973,24.4208
805000,1,1,1.4955578811313088,24.45811263585817,24.458480556437504
810000,1,1,1.499301451388071,24.494371253690073,24.494724905999995
815000,1,1,1.5030543924261377,24.529198660727193,24.529538101812506
820000,1,1,1.5068167276957338,24.562601291104254,24.562926592000004
825000,1,1,1.5105884807056809,24.59458699623209,24.5948982421875
830000,1,1,1.5143696750235653,24.625165067297573,24.625462358000004
835000,1,1,1.5181603342759067,24.654346257763805,24.654629707562503
840000,1,1,1.5219604821483268,24.682142805869933,24.682412543999995
845000,1,1,1.5257701423857188,24.708568457131225,24.708824627937496
850000,1,1,1.5295893387924182,24.733638486839123,24.733881249999992
855000,1,1,1.5334180952323733,24.757369722561148,24.757599253312495
860000,1,1,1.5372564356293166,24.77978056664091,24.779997055999996
865000,1,1,1.5411043839669356,24.800891018698223,24.8010946736875
870000,1,1,1.5449619642890455,24.820722698128964,24.820913741999995
875000,1,1,1.5488292006997604,24.839298866605084,24.8394775390625
880000,1,1,1.552706117363665,24.85664445057476,24.856811008000005
885000,1,1,1.5565927385059868,24.87278606376223,24.872940779437506
890000,1,1,1.560489088412767,24.88775202966784,24.887895194
895000,1,1,1.5643951914310321,24.90157240406809,24.9017043248125
900000,1,1,1.5683110719689635,24.914278997515552,24.914399999999997
905000,1,1,1.572236754496069,24.925905397838967,24.9260158251875
910000,1,1,1.5761722635433495,24.93648699264319,24.936587206000002
915000,1,1,1.5801176237034698,24.946060991809162,24.946151370562497
920000,1,1,1.5840728596309237,24.954666449993958,24.954747391999998
925000,1,1,1.5880379960422002,24.962344289130765,24.96241621093751
930000,1,1,1.5920130577159477,24.969137320928926,24.969200658
935000,1,1,1.5959980694931368,24.975090269373872,24.9751454763125
940000,1,1,1.5999930562772209,24.98024979322714,24.980297344000007
945000,1,1,1.6039980430342933,24.98466450852643,24.98470489668751
950000,1,1,1.6080130547932459,24.988385011085544,24.98841874999999
955000,1,1,1.6120381166459212,24.991463898994343,24.9914915220625
960000,1,1,1.616073253747264,24.99395579511891,24.993977856
965000,1,1,1.6201184913154685,24.99591736960141,24.99593444243749
970000,1,1,1.6241738546321245,24.997407362360054,24.997420041999995
975000,1,1,1.6282393690423573,24.9984866055893,24.998495507812493
980000,1,1,1.6323150599549665,24.999218046259625,24.999223807999986
985000,1,1,1.6364009528425576,24.999666768617637,24.999670048187504
990000,1,1,1.640497073241673,24.999900016686148,24.999901493999996
995000,1,1,1.6446034467529151,24.999987216763984,24.999987593562487
1000000,1,1,1.6487200990410669,24.99999999861169,25
