time,species,patch,n,m
0,1,1,1,15
5000,1,1,0.7923605275565971,15.000000290911926
10000,1,1,0.627835191108161,15.00000454058583
15000,1,1,0.49747184441004316,15.000022427719149
20000,1,1,0.39417706389644397,15.000069170635358
25000,1,1,0.3123303590907998,15.000164823557142
30000,1,1,0.2474782636187613,15.000333638590776
35000,1,1,0.19609200967050314,15.000603487944863
40000,1,1,0.15537555577575976,15.001005340810426
45000,1,1,0.1231134262059352,15.001572789812757
50000,1,1,0.09755017301744985,15.002341622599076
55000,1,1,0.07729483546522341,15.003349434334702
60000,1,1,0.06124527920647456,15.004635277483745
65000,1,1,0.04852822231883002,15.006239345346021
70000,1,1,0.03845170124082537,15.008202686243235
75000,1,1,0.030467438766284778,15.01056694566129
80000,1,1,0.0241410049440441,15.01337413365117
85000,1,1,0.019128170574511102,15.016666415190796
90000,1,1,0.015156182800319714,15.020485921483003
95000,1,1,0.012008926828065135,15.024874580210678
100000,1,1,0.0095151561526897,15.029873962966198
105000,1,1,0.007539187578135089,15.03552514848075
110000,1,1,0.005973510016753098,15.041868599995606
115000,1,1,0.004732930417684396,15.048944055597469
120000,1,1,0.0037499507849030156,15.056790430507219
125000,1,1,0.0029710868569984435,15.065445729967996
130000,1,1,0.0023539543342063532,15.07494697194874
135000,1,1,0.001864973779253583,15.08533011896991
140000,1,1,0.001477539575292966,15.096630017966245
145000,1,1,0.001170564338408691,15.108880347470615
150000,1,1,9.273419123118797e-4,15.12211357195621
155000,1,1,7.346360298596163e-4,15.136360902234982
160000,1,1,5.819588958466718e-4,15.151652261585859
165000,1,1,4.6099604311488794e-4,15.168016256981895
170000,1,1,3.651614873012073e-4,15.185480155499166
175000,1,1,2.8923702331544844e-4,15.204069864828007
180000,1,1,2.290895554974033e-4,15.223809918062258
185000,1,1,1.8144218847168997e-4,15.244723461863408
190000,1,1,1.436968633746089e-4,15.266832248236934
195000,1,1,1.1379665230846798e-4,15.29015662967987
200000,1,1,9.011248100412267e-5,15.314715556961124
205000,1,1,7.135398539735369e-5,15.340526579625106
210000,1,1,5.649759174702652e-5,15.36760584867318
215000,1,1,4.47313663307169e-5,15.395968121716741
220000,1,1,3.5412505843317455e-5,15.425626770300154
225000,1,1,2.803246982003521e-5,15.456593788984794
230000,1,1,2.2188551793995968e-5,15.488879806046464
235000,1,1,1.7561433377635668e-5,15.52249409574159
240000,1,1,1.3897921893486242e-5,15.5574445920526
245000,1,1,1.0997478878133738e-5,15.593737903748295
