time,species,patch,n,m,Tenv
0,1,1,1,15,15
5000,1,1,0.9999999999999571,15.000000000034476,15.0000124064375
10000,1,1,0.9999999999972606,15.000000000308136,15.000098506
15000,1,1,0.9999999999670129,15.000000001224718,15.0003299518125
20000,1,1,0.9999999997996378,15.000000003380869,15.000776192
25000,1,1,0.9999999991708367,15.000000007560082,15.0015044921875
30000,1,1,0.9999999973217936,15.0000000147267,15.002579958
35000,1,1,0.9999999927302969,15.000000026019967,15.0040655575625
40000,1,1,0.9999999826560891,15.000000042748168,15.006022144
45000,1,1,0.9999999625462931,15.000000066382803,15.0085084779375
50000,1,1,0.999999925288908,15.000000098552839,15.01158125
55000,1,1,0.9999998724062829,15.000000136177578,15.0152951033125
60000,1,1,0.9999997828919748,15.000000185205215,15.019702656
65000,1,1,0.999999638658243,15.000000247574189,15.0248545236875
70000,1,1,0.9999994213429007,15.000000324808974,15.030799342
75000,1,1,0.9999990958073967,15.000000419504286,15.0375837890625
80000,1,1,0.9999986178956952,15.000000534285917,15.045252608
85000,1,1,0.9999979336258217,15.000000671699128,15.0538486294375
90000,1,1,0.9999969758228116,15.000000834353024,15.063412794
95000,1,1,0.9999956614101266,15.000001024971167,15.0739841748125
100000,1,1,0.9999938889469134,15.000001246394742,15.0856
105000,1,1,0.9999915361154221,15.000001501572573,15.0982956751875
110000,1,1,0.9999884606758613,15.000001793535613,15.112104806
115000,1,1,0.999984490737361,15.000002125422164,15.1270592205625
120000,1,1,0.9999794218094452,15.00000250047096,15.143188992
125000,1,1,0.9999730182920101,15.0000029219934,15.1605224609375
130000,1,1,0.9999650106039081,15.000003393367951,15.179086258
135000,1,1,0.9999550904807074,15.000003918042777,15.1989053263125
140000,1,1,0.9999429067561695,15.000004499534915,15.220002944
145000,1,1,0.9999280618785508,15.000005141425309,15.2424007466875
150000,1,1,0.9999101086039776,15.000005847352783,15.26611875
155000,1,1,0.9998885465079378,15.000006621008826,15.2911753720625
160000,1,1,0.9998628186681782,15.000007466133646,15.317587456
165000,1,1,0.999832307408565,15.000008386511368,15.3453702924375
170000,1,1,0.9997963302207723,15.000009385965347,15.374537642
175000,1,1,0.9997541365497891,15.000010468354414,15.4051017578125
180000,1,1,0.99970490460043,15.000011637569157,15.437073408
185000,1,1,0.999647737587076,15.000012897527519,15.4704618981875
190000,1,1,0.9995816598627597,15.000014252170253,15.505275094
195000,1,1,0.9995056133810107,15.000015705456764,15.5415194435625
200000,1,1,0.9994184544600319,15.000017261361254,15.5792
205000,1,1,0.9993189506211894,15.000018923868852,15.618320443937499
210000,1,1,0.9992057774392139,15.000020696971646,15.658883106
215000,1,1,0.9990775155120093,15.000022584664741,15.7008889893125
220000,1,1,0.9989326476470154,15.000024590942415,15.744337792
225000,1,1,0.9987695562709847,15.000026719794398,15.7892279296875
230000,1,1,0.998586521037755,15.000028975202156,15.835556558
235000,1,1,0.9983817166403454,15.000031361135214,15.883319595062499
240000,1,1,0.9981532108633285,15.000033881547548,15.932511744
245000,1,1,0.9978989629079895,15.000036540374005,15.9831265154375
250000,1,1,0.9976168220064796,15.000039341526806,16.03515625
255000,1,1,0.9973045263359882,15.000042288892097,16.0885921408125
260000,1,1,0.9969597022500878,15.000045386326544,16.143424256
265000,1,1,0.9965798638490325,15.000048637653984,16.1996415611875
270000,1,1,0.9961624129098698,15.000052046662143,16.257231942
275000,1,1,0.9957046391940525,15.000055617099388,16.3161822265625
280000,1,1,0.9952037211904308,15.00005935267153,16.376478208
285000,1,1,0.9946567271989949,15.000063257038581,16.438104666937498
290000,1,1,0.9940606168255263,15.000067333811982,16.501045394
295000,1,1,0.9934122429711968,15.000071586551629,16.5652832123125
300000,1,1,0.9927083543079938,15.000076018762757,16.6308
305000,1,1,0.9919455979307275,15.000080633893278,16.6975767126875
310000,1,1,0.9911205231474298,15.000085435330558,16.765593406
315000,1,1,0.9902295856699243,15.000090426398408,16.8348292580625
320000,1,1,0.9892691517142268,15.00009561035483,16.905262592
325000,1,1,0.9882355026134217,15.000100990389738,16.9768708984375
330000,1,1,0.987124840380976,15.000106569622268,17.049630858
335000,1,1,0.9859332939450579,15.000112351098027,17.1235183638125
340000,1,1,0.9846569257486001,15.000118337786626,17.198508544
345000,1,1,0.983291738744403,15.000124532579463,17.2745757841875
350000,1,1,0.981833683956372,15.000130938287535,17.35169375
355000,1,1,0.9802786686634882,15.000137557639215,17.4298354095625
360000,1,1,0.9786225651419233,15.000144393278093,17.508973056000002
365000,1,1,0.9768612198999662,15.00015144776094,17.5890783299375
370000,1,1,0.9749904634019536,15.000158723555767,17.670122241999998
375000,1,1,0.9730061202988449,15.000166223039967,17.7520751953125
380000,1,1,0.9709040201580222,15.000173948498517,17.834907008000002
385000,1,1,0.9686800086601924,15.000181902122264,17.9185869356875
390000,1,1,0.9663299592299245,15.000190086006299,18.003083694
395000,1,1,0.9638497850744994,15.000198502148425,18.0883654810625
400000,1,1,0.9612354516061015,15.000207152447722,18.1744
405000,1,1,0.958482989214645,15.000216038703172,18.2611544814375
410000,1,1,0.9555885063512607,15.000225162612404,18.348595706
415000,1,1,0.9525482028794804,15.000234525770498,18.4366900268125
420000,1,1,0.9493583836497522,15.000244129668921,18.525403392
425000,1,1,0.946015472250114,15.000253975694521,18.6147013671875
430000,1,1,0.942516024881764,15.000264065128635,18.704549158
435000,1,1,0.9388567443044801,15.00027439914628,18.7949116325625
440000,1,1,0.9350344937939917,15.000284978815449,18.885753344
445000,1,1,0.9310463110510306,15.00029580509649,18.9770385529375
450000,1,1,0.9268894219993747,15.000306878841595,19.06873125
455000,1,1,0.9225612544080924,15.000318200794371,19.1607951783125
460000,1,1,0.9180594512701161,15.000329771589518,19.253193856
465000,1,1,0.9133818838694377,15.0003415917526,19.3458905986875
470000,1,1,0.9085266644673671,15.000353661699902,19.438848542
475000,1,1,0.9034921585372259,15.0003659817384,19.5320306640625
480000,1,1,0.8982769964767526,15.00037855206581,19.625399807999997
485000,1,1,0.8928800847279356,15.000391372770743,19.7189187044375
490000,1,1,0.8873006162347098,15.000404443832949,19.812549994
495000,1,1,0.8815380801700693,15.000417765123654,19.9062562498125
500000,1,1,0.8755922708658478,15.000431336405988,20
505000,1,1,0.8694632958807601,15.000445157335507,20.0937437501875
510000,1,1,0.8631515831451696,15.000459227460803,20.187450006
515000,1,1,0.8566578871244305,15.000473546224208,20.2810812955625
520000,1,1,0.8499832939465434,15.000488112962572,20.374600192000003
525000,1,1,0.8431292254442885,15.000502926908144,20.4679693359375
530000,1,1,0.8360974420669427,15.000517987189523,20.561151458
535000,1,1,0.8288900446221031,15.000533292832703,20.6541094013125
540000,1,1,0.8215094748139959,15.000548842762178,20.746806144
545000,1,1,0.8139585144390252,15.00056463580218,20.8392048216875
550000,1,1,0.8062402835844337,15.000580670677964,20.93126875
555000,1,1,0.7983582374431516,15.000596946017069,21.0229614470625
560000,1,1,0.7903161617888006,15.000613460350714,21.114246656
565000,1,1,0.7821181672166772,15.000630212115361,21.2050883674375
570000,1,1,0.773768682801261,15.000647199654145,21.295450842
575000,1,1,0.765272446914211,15.00066442121871,21.385298632812496
580000,1,1,0.7566344970542067,15.00068187497103,21.474596608
585000,1,1,0.7478601599254141,15.000699558984953,21.5633099731875
590000,1,1,0.7389550403953241,15.000717471247818,21.651404294
595000,1,1,0.7299250083498787,15.00073560966237,21.7388455185625
600000,1,1,0.7207761841685177,15.000753972048827,21.8256
605000,1,1,0.7115149236150076,15.000772556146845,21.911634518937497
610000,1,1,0.7021478021508192,15.000791359617484,21.996916306000003
615000,1,1,0.692681598338493,15.00081038004521,22.0814130643125
620000,1,1,0.6831232762697599,15.000829614940008,22.165092991999998
625000,1,1,0.6734799672440998,15.000849061739535,22.2479248046875
630000,1,1,0.6637589509176193,15.0008687178113,22.329877758000002
635000,1,1,0.6539676359980262,15.000888580454864,22.4109216700625
640000,1,1,0.6441135405067946,15.000908646904062,22.491026943999998
645000,1,1,0.6342042716813843,15.000928914329275,22.5701645904375
650000,1,1,0.6242475056418205,15.000949379839742,22.64830625
655000,1,1,0.6142509669434622,15.000970040485875,22.7254242158125
660000,1,1,0.6042224081098949,15.000990893261605,22.801491456
665000,1,1,0.594169589232842,15.001011935106755,22.8764816361875
670000,1,1,0.584100257731426,15.00103316290942,22.950369142
675000,1,1,0.57402212836966,15.001054573508382,23.0231291015625
680000,1,1,0.5639428636282412,15.001076163695537,23.094737408
685000,1,1,0.5538700545188993,15.001097930218322,23.1651707419375
690000,1,1,0.5438112019237465,15.00111986978218,23.234406594
695000,1,1,0.5337736985390197,15.001141979053022,23.3024232873125
700000,1,1,0.5237648114991189,15.001164254659706,23.3692
705000,1,1,0.5137916657512897,15.00118669319652,23.4347167876875
710000,1,1,0.5038612282445935,15.001209291225685,23.498954605999998
715000,1,1,0.493980292990301,15.001232045279856,23.5618953330625
720000,1,1,0.48415546704462137,15.001254951864654,23.623521792
725000,1,1,0.4743931574582448,15.001278007461172,23.683817773437497
730000,1,1,0.464699559230296,15.001301208528515,23.742768057999996
735000,1,1,0.4550806442972111,15.00132455150634,23.800358438812502
740000,1,1,0.44554215158004395,15.001348032817408,23.856575743999997
745000,1,1,0.43608957810684174,15.001371648870135,23.911407859187495
750000,1,1,0.42672817121995943,15.001395396061167,23.96484375
755000,1,1,0.4174629218687875,15.001419270777943,24.016873484562502
760000,1,1,0.40829855899504985,15.0014432694013,24.067488256
765000,1,1,0.3992395449888595,15.001467388308045,24.116680404937497
770000,1,1,0.3902900722013016,15.00149162387359,24.164443442000003
775000,1,1,0.381454060497624,15.00151597247456,24.2107720703125
780000,1,1,0.3727351558257978,15.001540430491428,24.255662208000004
785000,1,1,0.36413672976720685,15.00156499431118,24.2991110106875
790000,1,1,0.3556618800326954,15.001589660329975,24.341116894000002
795000,1,1,0.3473134318652739,15.001614424955843,24.381679556062494
800000,1,1,0.33909394030770673,15.001639284611395,24.4208
805000,1,1,0.3310056932893359,15.001664235736552,24.458480556437504
810000,1,1,0.3230507154833644,15.001689274791309,24.494724905999995
815000,1,1,0.31523077288390516,15.001714398258526,24.529538101812506
820000,1,1,0.30754737805081056,15.001739602646738,24.562926592000004
825000,1,1,0.30000179596915355,15.001764884493001,24.5948982421875
830000,1,1,0.29259505046929524,15.001790240365779,24.625462358000004
835000,1,1,0.2853279311530104,15.001815666867861,24.654629707562503
840000,1,1,0.27820100077120524,15.00184116063932,24.682412543999995
845000,1,1,0.271214602999219,15.001866718360501,24.708824627937496
850000,1,1,0.2643688705564436,15.001892336755082,24.733881249999992
855000,1,1,0.25766373361755185,15.001918012593137,24.757599253312495
860000,1,1,0.2510989284662754,15.0019437426943,24.779997055999996
865000,1,1,0.24467400634007777,15.00196952393093,24.8010946736875
870000,1,1,0.23838834241858886,15.001995353231372,24.820913741999995
875000,1,1,0.23224114491131245,15.00202122758324,24.8394775390625
880000,1,1,0.22623146420145407,15.002047144036785,24.856811008000005
885000,1,1,0.22035820200447925,15.002073099708308,24.872940779437506
890000,1,1,0.21462012050268864,15.002099091783645,24.887895194
895000,1,1,0.20901585142002674,15.002125117521706,24.9017043248125
900000,1,1,0.20354390500399422,15.002151174258096,24.914399999999997
905000,1,1,0.19820267888399762,15.002177259408798,24.9260158251875
910000,1,1,0.1929904667780217,15.002203370473929,24.936587206000002
915000,1,1,0.1879054670222045,15.002229505041559,24.946151370562497
920000,1,1,0.1829457909005851,15.002255660791624,24.954747391999998
925000,1,1,0.1781094707548761,15.0022818354999,24.96241621093751
930000,1,1,0.17339446785659718,15.002308027042057,24.969200658
935000,1,1,0.16879868002633092,15.002334233397786,24.9751454763125
940000,1,1,0.16431994898722885,15.002360452655026,24.980297344000007
945000,1,1,0.15995606744216911,15.00238668301424,24.98470489668751
950000,1,1,0.1557047858661228,15.00241292279279,24.98841874999999
955000,1,1,0.15156381900747698,15.002439170429383,24.9914915220625
960000,1,1,0.14753085209325037,15.002465424488607,24.993977856
965000,1,1,0.14360354673621353,15.00249168366553,24.99593444243749
970000,1,1,0.13977954654286512,15.002517946790388,24.997420041999995
975000,1,1,0.1360564824225551,15.002544212833339,24.998495507812493
980000,1,1,0.13243197759970537,15.002570480909307,24.999223807999986
985000,1,1,0.128903652332568,15.002596750282889,24.999670048187504
990000,1,1,0.12546912834310628,15.002623020373319,24.999901493999996
995000,1,1,0.12212603296354145,15.002649290759532,24.999987593562487
1000000,1,1,0.1188720030060422,15.002675561185267,25
