time,species,patch,n,m,Tenv
0,1,1,1,15,15
5000,1,1,0.9999999999999571,15.00000000034475,15.0000124064375
10000,1,1,0.9999999999972606,15.000000003081281,15.000098506
15000,1,1,0.999999999967014,15.000000012246803,15.0003299518125
20000,1,1,0.9999999997996473,15.000000033807474,15.000776192
25000,1,1,0.9999999991708878,15.000000075597729,15.0015044921875
30000,1,1,0.9999999973219964,15.000000147260222,15.002579958
35000,1,1,0.9999999927309449,15.0000002601864,15.0040655575625
40000,1,1,0.9999999826578607,15.000000427457719,15.006022144
45000,1,1,0.9999999668094837,15.00000063170964,15.0085084779375
50000,1,1,0.9999999366924281,15.000000914244325,15.01158125
55000,1,1,0.9999998833382469,15.000001291641317,15.0152951033125
60000,1,1,0.9999997936784065,15.000001782271292,15.019702656
65000,1,1,0.9999996494159171,15.00000240603892,15.0248545236875
70000,1,1,0.9999994256977679,15.000003184260438,15.030799342
75000,1,1,0.9999990982230914,15.000004133207408,15.0375837890625
80000,1,1,0.9999986210597905,15.000005280506775,15.045252608
85000,1,1,0.9999979377164014,15.000006653856763,15.0538486294375
90000,1,1,0.999996980509978,15.000008279879184,15.063412794
95000,1,1,0.999995666513837,15.000010185735333,15.0739841748125
100000,1,1,0.9999938944964811,15.00001239968898,15.0856
105000,1,1,0.9999915422735219,15.00001495114316,15.0982956751875
110000,1,1,0.999988464060044,15.000017870533835,15.112104806
115000,1,1,0.9999844917436289,15.000021189077154,15.1270592205625
120000,1,1,0.9999794241544897,15.000024939005574,15.143188992
125000,1,1,0.9999730240131063,15.000029153499058,15.1605224609375
130000,1,1,0.9999650199045099,15.000033866418185,15.179086258
135000,1,1,0.9999551033459289,15.000039112249844,15.1989053263125
140000,1,1,0.9999429238157677,15.000044926130988,15.220002944
145000,1,1,0.9999280843586379,15.000051343839408,15.2424007466875
150000,1,1,0.9999101380459308,15.00005840174456,15.26611875
155000,1,1,0.9998885846589316,15.000066136748396,15.2911753720625
160000,1,1,0.9998628671873278,15.000074586234081,15.317587456
165000,1,1,0.9998323684968308,15.000083788026975,15.3453702924375
170000,1,1,0.9997964070635712,15.000093780347282,15.374537642
175000,1,1,0.9997542329080799,15.000104601763503,15.4051017578125
180000,1,1,0.9997050244181227,15.000116291155532,15.437073408
185000,1,1,0.9996478852095138,15.000128887677889,15.4704618981875
190000,1,1,0.999581840442801,15.000142430716235,15.505275094
195000,1,1,0.9995058330353059,15.000156959842528,15.5415194435625
200000,1,1,0.9994187202256207,15.00017251477399,15.5792
205000,1,1,0.9993192704601794,15.000189135335008,15.618320443937499
210000,1,1,0.9992061603722571,15.000206861418977,15.658883106
215000,1,1,0.9990779717902846,15.00022573294916,15.7008889893125
220000,1,1,0.9989331888841627,15.000245789839758,15.744337792
225000,1,1,0.998770195547269,15.000267071958104,15.7892279296875
230000,1,1,0.9985872730210764,15.000289619087784,15.835556558
235000,1,1,0.9983825977367137,15.000313470892168,15.883319595062499
240000,1,1,0.9981542393797215,15.00033866687819,15.932511744
245000,1,1,0.99790015921405,15.000365246360625,15.9831265154375
250000,1,1,0.9976182086979741,15.000393248427006,16.03515625
255000,1,1,0.9973061284079209,15.000422711903143,16.0885921408125
260000,1,1,0.9969615472810669,15.000453675319164,16.143424256
265000,1,1,0.9965819821935316,15.000486176876057,16.1996415611875
270000,1,1,0.9961648378958806,15.000520254412754,16.257231942
275000,1,1,0.9957074073264295,15.000555945373806,16.3161822265625
280000,1,1,0.99520687231951,15.00059328677762,16.376478208
285000,1,1,0.9946603047246162,15.000632315185298,16.438104666937498
290000,1,1,0.994064667952946,15.000673066670023,16.501045394
295000,1,1,0.9934168189680593,15.000715576787064,16.5652832123125
300000,1,1,0.9927135107363781,15.000759880544376,16.6308
305000,1,1,0.9919513951518267,15.000806012373838,16.6975767126875
310000,1,1,0.9911270264477589,15.000854006103108,16.765593406
315000,1,1,0.9902368651083673,15.000903894928111,16.8348292580625
320000,1,1,0.9892772822906107,15.000955711386212,16.905262592
325000,1,1,0.9882445647661832,15.001009487330023,16.9768708984375
330000,1,1,0.9871349203913394,15.001065253901919,17.049630858
335000,1,1,0.9859444841106012,15.00112304150924,17.1235183638125
340000,1,1,0.9846693244984669,15.001182879800202,17.198508544
345000,1,1,0.9833054508408994,15.001244797640538,17.2745757841875
350000,1,1,0.9818488207574139,15.001308823090875,17.35169375
355000,1,1,0.9802953483598634,15.001374983384867,17.4298354095625
360000,1,1,0.9786409129427731,15.001443304908099,17.508973056000002
365000,1,1,0.9768813681977204,15.00151381317777,17.5890783299375
370000,1,1,0.9750125519409711,15.001586532823177,17.670122241999998
375000,1,1,0.9730302963402357,15.001661487567018,17.7520751953125
380000,1,1,0.9709304386233284,15.00173870020751,17.834907008000002
385000,1,1,0.9687088322484467,15.00181819260135,17.9185869356875
390000,1,1,0.9663613585124642,15.001899985647539,18.003083694
395000,1,1,0.9638839385701066,15.001984099272056,18.0883654810625
400000,1,1,0.9612725458333298,15.002070552413434,18.1744
405000,1,1,0.9585232187166952,15.002159363009199,18.2611544814375
410000,1,1,0.9556320736910414,15.002250547983227,18.348595706
415000,1,1,0.9525953186042226,15.002344123234018,18.4366900268125
420000,1,1,0.9494092662242072,15.002440103623867,18.525403392
425000,1,1,0.9460703479564179,15.002538502968987,18.6147013671875
430000,1,1,0.9425751276839206,15.002639334030558,18.704549158
435000,1,1,0.9389203156759399,15.002742608506718,18.7949116325625
440000,1,1,0.9351027825072238,15.00284833702551,18.885753344
445000,1,1,0.9311195729281102,15.002956529138773,18.9770385529375
450000,1,1,0.9269679196224337,15.003067193316996,19.06873125
455000,1,1,0.9226452567884417,15.003180336945125,19.1607951783125
460000,1,1,0.9181492334760628,15.003295966319333,19.253193856
465000,1,1,0.9134777266122436,15.003414086644751,19.3458905986875
470000,1,1,0.9086288536448941,15.003534702034145,19.438848542
475000,1,1,0.9036009847353378,15.003657815507559,19.5320306640625
480000,1,1,0.8983927544289487,15.003783428992907,19.625399807999997
485000,1,1,0.8930030727338836,15.0039115433275,19.7189187044375
490000,1,1,0.8874311355385138,15.004042158260525,19.812549994
495000,1,1,0.8816764342993899,15.004175272456433,19.9062562498125
500000,1,1,0.875738764933344,15.004310883499283,20
505000,1,1,0.8696182358496407,15.00444898789795,20.0937437501875
510000,1,1,0.8633152750609298,15.00458958109227,20.187450006
515000,1,1,0.856830636315123,15.00473265746005,20.2810812955625
520000,1,1,0.8501654041942287,15.00487821032495,20.374600192000003
525000,1,1,0.8433209981306017,15.005026231965234,20.4679693359375
530000,1,1,0.8362991752959948,15.005176713623333,20.561151458
535000,1,1,0.8291020323241934,15.005329645516266,20.6541094013125
540000,1,1,0.821732005833856,15.005485016846825,20.746806144
545000,1,1,0.8141918717271005,15.00564281581557,20.8392048216875
550000,1,1,0.8064847432331543,15.005803029633574,20.93126875
555000,1,1,0.7986140676953274,15.005965644535914,21.0229614470625
560000,1,1,0.7905836220938851,15.006130645795874,21.114246656
565000,1,1,0.782397507301009,15.006298017739862,21.2050883674375
570000,1,1,0.7740601410754598,15.006467743762965,21.295450842
575000,1,1,0.7655762498152778,15.00663980634519,21.385298632812496
580000,1,1,0.7569508590937385,15.00681418706831,21.474596608
585000,1,1,0.748189283009496,15.006990866633306,21.5633099731875
590000,1,1,0.7392971123889159,15.007169824878396,21.651404294
595000,1,1,0.7302802018866908,15.007351040797596,21.7388455185625
600000,1,1,0.721144656038433,15.00753449255982,21.8256
605000,1,1,0.7118968143255079,15.00772015752847,21.911634518937497
610000,1,1,0.7025432353183967,15.007908012281487,21.996916306000003
615000,1,1,0.6930906799707205,15.008098032631871,22.0814130643125
620000,1,1,0.6835460941416285,15.00829019364861,22.165092991999998
625000,1,1,0.6739165904292076,15.008484469678,22.2479248046875
630000,1,1,0.6642094294018143,15.008680834365341,22.329877758000002
635000,1,1,0.6544320003178089,15.008879260676984,22.4109216700625
640000,1,1,0.6445918014271322,15.009079720922701,22.491026943999998
645000,1,1,0.6346964199513434,15.009282186778355,22.5701645904375
650000,1,1,0.6247535118358118,15.009486629308855,22.64830625
655000,1,1,0.6147707813769113,15.009693018991353,22.7254242158125
660000,1,1,0.6047559608216426,15.009901325738705,22.801491456
665000,1,1,0.5947167900353525,15.010111518923127,22.8764816361875
670000,1,1,0.584660996333693,15.010323567400064,22.950369142
675000,1,1,0.5745962745740377,15.01053743953224,23.0231291015625
680000,1,1,0.5645302675983793,15.010753103213878,23.094737408
685000,1,1,0.5544705471156054,15.010970525895063,23.1651707419375
690000,1,1,0.5444245951070312,15.011189674606252,23.234406594
695000,1,1,0.5343997858349252,15.011410515982918,23.3024232873125
700000,1,1,0.5244033685289486,15.01163301629029,23.3692
705000,1,1,0.5144424508198785,15.011857141448214,23.4347167876875
710000,1,1,0.5045239829839816,15.012082857056118,23.498954605999998
715000,1,1,0.49465474305521173,15.012310128418052,23.5618953330625
720000,1,1,0.48484132285600356,15.01253892056783,23.623521792
725000,1,1,0.47509011499079334,15.012769198294245,23.683817773437497
730000,1,1,0.46540730083955845,15.013000926166384,23.742768057999996
735000,1,1,0.4557988395817422,15.013234068559006,23.800358438812502
740000,1,1,0.44627045827400363,15.013468589678007,23.856575743999997
745000,1,1,0.43682764299563415,15.013704453585984,23.911407859187495
750000,1,1,0.42747563108187414,15.01394162422787,23.96484375
755000,1,1,0.41821940443603717,15.014180065456681,24.016873484562502
760000,1,1,0.4090636839182817,15.014419741059369,24.067488256
765000,1,1,0.4000129248065983,15.014660614782763,24.116680404937497
770000,1,1,0.3910713133156436,15.014902650359659,24.164443442000003
775000,1,1,0.3822427641503177,15.015145811535042,24.2107720703125
780000,1,1,0.373530919066636,15.01539006209244,24.255662208000004
785000,1,1,0.364939146409661,15.015635365880446,24.2991110106875
790000,1,1,0.35647054159432545,15.015881686839437,24.341116894000002
795000,1,1,0.34812792858257724,15.016128989028791,24.381679556062494
800000,1,1,0.33991386204591684,15.016377236654877,24.4208
805000,1,1,0.3318306303396724,15.016626394096045,24.458480556437504
810000,1,1,0.323880259346808,15.016876425929933,24.494724905999995
815000,1,1,0.31606451708135247,15.017127296962814,24.529538101812506
820000,1,1,0.30838491841968374,15.0173789722556,24.562926592000004
825000,1,1,0.30084273163071157,15.017631417156219,24.5948982421875
830000,1,1,0.29343898526082807,15.017884597330905,24.625462358000004
835000,1,1,0.28617447441192523,15.018138478789528,24.654629707562503
840000,1,1,0.27904976746699106,15.018393027911692,24.682412543999995
845000,1,1,0.27206521399937583,15.018648211478071,24.708824627937496
850000,1,1,0.26522095328279766,15.018903996703422,24.733881249999992
855000,1,1,0.25851692276008525,15.019160351267969,24.757599253312495
860000,1,1,0.2519528664733682,15.019417243347686,24.779997055999996
865000,1,1,0.24552834373623994,15.019674641645476,24.8010946736875
870000,1,1,0.2392427381135891,15.019932515423871,24.820913741999995
875000,1,1,0.23309526654456927,15.020190834538488,24.8394775390625
880000,1,1,0.22708498845823527,15.020449569471712,24.856811008000005
885000,1,1,0.2212108148560993,15.020708691366696,24.872940779437506
890000,1,1,0.2154715173837296,15.02096817206209,24.887895194
895000,1,1,0.20986573737332914,15.02122798412759,24.9017043248125
900000,1,1,0.20439199480099127,15.021488100900198,24.914399999999997
905000,1,1,0.19904869710941214,15.02174849652111,24.9260158251875
910000,1,1,0.19383414787198466,15.022009145973255,24.936587206000002
915000,1,1,0.18874655528403292,15.022270025119612,24.946151370562497
920000,1,1,0.18378404046120647,15.022531110742266,24.954747391999998
925000,1,1,0.17894464552046874,15.022792380582258,24.96241621093751
930000,1,1,0.17422634142282759,15.023053813380177,24.969200658
935000,1,1,0.16962703556350445,15.023315388917528,24.9751454763125
940000,1,1,0.16514457909870428,15.023577088058895,24.980297344000007
945000,1,1,0.16077677399895338,15.023838892794894,24.98470489668751
950000,1,1,0.15652137981907738,15.024100786285922,24.98841874999999
955000,1,1,0.15237612017857707,15.024362752906713,24.9914915220625
960000,1,1,0.14833868894803595,15.024624778291662,24.993977856
965000,1,1,0.14440675613892107,15.024886849380948,24.99593444243749
970000,1,1,0.14057797349574602,15.025148954467431,24.997420041999995
975000,1,1,0.1368499797910934,15.025411083244316,24.998495507812493
980000,1,1,0.13322040582544298,15.025673226853563,24.999223807999986
985000,1,1,0.12968687913507312,15.025935377935019,24.999670048187504
990000,1,1,0.1262470284124863,15.026197530676269,24.999901493999996
995000,1,1,0.12289848764486828,15.026459680863152,24.999987593562487
1000000,1,1,0.11963889997704209,15.026721825930924,25
