time,species,patch,n,m
0,1,1,1,15
5000,1,1,0.9999999999904896,15.000000077089325
10000,1,1,0.9999999994393126,15.00000062033394
15000,1,1,0.999999995066093,15.00000217440931
20000,1,1,0.9999999728494732,15.000005636054546
25000,1,1,0.9999998845780937,15.00001271962221
30000,1,1,0.9999996193850815,15.00002518965816
35000,1,1,0.9999989299357206,15.000045517807091
40000,1,1,0.9999973536918707,15.000076435150039
45000,1,1,0.9999941234950509,15.000120967592899
50000,1,1,0.9999879804005974,15.000182510727111
55000,1,1,0.9999770509505009,15.000264777918723
60000,1,1,0.9999585939981941,15.000371802027663
65000,1,1,0.9999287912156587,15.000507908426794
70000,1,1,0.9998824939205527,15.000677695129124
75000,1,1,0.9998128069283495,15.000886045789454
80000,1,1,0.9997108582521423,15.001138084550135
85000,1,1,0.9995654262302072,15.001439166978603
90000,1,1,0.9993625031041102,15.00179487182237
95000,1,1,0.9990848847970402,15.00221098433158
100000,1,1,0.9987117327604956,15.002693478623712
105000,1,1,0.9982181166238839,15.003248501219895
110000,1,1,0.9975745095001511,15.003882352699321
115000,1,1,0.9967463381279785,15.004601470429611
120000,1,1,0.9956935596899247,15.005412410787851
125000,1,1,0.9943701975221877,15.00632182784916
130000,1,1,0.9927239256161955,15.007336451848325
135000,1,1,0.9906957194152121,15.008463066571625
140000,1,1,0.9882195871781434,15.009708485472638
145000,1,1,0.9852223919447112,15.011079525994848
150000,1,1,0.9816237923192002,15.012582982123675
155000,1,1,0.977336338337748,15.01422559526068
160000,1,1,0.9722657402936236,15.016014023527228
165000,1,1,0.9663114197519305,15.017954808693586
170000,1,1,0.9593672540963079,15.020054341798376
175000,1,1,0.9513226272096491,15.022318826784394
180000,1,1,0.9420638313996991,15.024754242146894
185000,1,1,0.9314758325628771,15.027366300852366
190000,1,1,0.9194443974027827,15.030160408754755
195000,1,1,0.905858635524068,15.033141621430216
200000,1,1,0.8906139302126038,15.03631459972038
205000,1,1,0.8736152555955639,15.039683564171535
210000,1,1,0.8547807976126663,15.043252248728358
215000,1,1,0.8340458575217735,15.047023853861885
220000,1,1,0.8113669066974711,15.051000999570121
225000,1,1,0.7867256652826531,15.055185678624198
230000,1,1,0.7601330363232528,15.05957921049387
235000,1,1,0.7316327218615134,15.064182196365602
240000,1,1,0.701304264214102,15.068994475880642
245000,1,1,0.6692652700013616,15.074015086112322
250000,1,1,0.6356726969467809,15.079242223038818
255000,1,1,0.6007228164698153,15.084673206554566
260000,1,1,0.5646497948592254,15.0903044491361
265000,1,1,0.5277226285985661,15.096131429708505
270000,1,1,0.49024057693456946,15.102148671893417
275000,1,1,0.45252683082292167,15.108349727838357
280000,1,1,0.41492089041279917,15.114727169156387
285000,1,1,0.37776950971826695,15.121272584109825
290000,1,1,0.3414169673978203,15.127976582519452
295000,1,1,0.3061948541273987,15.134828808400876
300000,1,1,0.2724118607406783,15.141817960905716
305000,1,1,0.24034432226996177,15.148931824124379
310000,1,1,0.2102278768383368,15.15615730574303
315000,1,1,0.18225080838704166,15.16348048489406
320000,1,1,0.1565494910601716,15.170886669605938
325000,1,1,0.13320613530326939,15.178360463382024
330000,1,1,0.11224896470626138,15.185885841080301
335000,1,1,0.09365475281345863,15.19344623382976
340000,1,1,0.07735349388315668,15.201024622611692
345000,1,1,0.06323479761289673,15.208603639893605
350000,1,1,0.05115554471875183,15.216165678679209
355000,1,1,0.04094826317631377,15.223693008191743
360000,1,1,0.03242964975292645,15.23116789510717
365000,1,1,0.025408768063803048,15.23857272877148
370000,1,1,0.019694405235283822,15.245890150245742
375000,1,1,0.015101390592617246,15.25310318220083
380000,1,1,0.011455542910230168,15.260195358903529
385000,1,1,0.008597313875542764,15.26715085444559
390000,1,1,0.0063840381441003955,15.273954607282501
395000,1,1,0.004690986675839299,15.280592439249457
400000,1,1,0.0034114007633250084,15.287051167190569
405000,1,1,0.0024557124899467495,15.293318705294462
410000,1,1,0.001750197533881749,15.299384156380231
415000,1,1,0.0012352674027322106,15.305237890435144
420000,1,1,8.635973615446363e-4,15.310871609392311
425000,1,1,5.982200814517305e-4,15.3162783959628
430000,1,1,4.1071482750692216e-4,15.321452746192064
435000,1,1,2.79570343081907e-4,15.326390585108992
440000,1,1,1.8873741834936727e-4,15.331089265712109
445000,1,1,1.2641577856910212e-4,15.335547549125343
450000,1,1,8.403783209035759e-5,15.339765569317924
455000,1,1,5.546683410532537e-5,15.343744780994573
460000,1,1,3.6362740811785005e-5,15.347487892645775
465000,1,1,2.3686672693368223e-5,15.35099878677315
470000,1,1,1.5336549745742903e-5,15.354282427568267
