time,species,patch,n,m
0,1,1,1,15
5000,1,1,0.9999999374991582,15.000000000000776
10000,1,1,0.9999998749386126,15.000000000006933
15000,1,1,0.999999811758172,15.000000000027558
20000,1,1,0.999999745492357,15.00000000007607
25000,1,1,0.9999996688444276,15.000000000170102
30000,1,1,0.9999995647409231,15.000000000331353
35000,1,1,0.9999994240791663,15.000000000543295
40000,1,1,0.9999991844155464,15.000000000864864
45000,1,1,0.9999987612192651,15.000000001326567
50000,1,1,0.9999980353243869,15.000000001959043
55000,1,1,0.9999968162105942,15.000000002800562
60000,1,1,0.9999947985012881,15.000000003895941
65000,1,1,0.9999916210257327,15.000000005285308
70000,1,1,0.9999867166225633,15.000000007019173
75000,1,1,0.9999793393965468,15.00000000915115
80000,1,1,0.9999685415717043,15.000000011734718
85000,1,1,0.9999531169069282,15.000000014826023
90000,1,1,0.9999315658124276,15.000000018483851
95000,1,1,0.9999020345443672,15.000000022769498
100000,1,1,0.9998622249883747,15.000000027746818
105000,1,1,0.9998093781596967,15.00000003348167
110000,1,1,0.9997402246217092,15.00000004004166
115000,1,1,0.9996509100074972,15.000000047496082
120000,1,1,0.9995369270503015,15.000000055915795
125000,1,1,0.9993930470859348,15.000000065372996
130000,1,1,0.9992132539531023,15.000000075940974
135000,1,1,0.9989906786008023,15.000000087693836
140000,1,1,0.998717535594147,15.000000100706272
145000,1,1,0.99838504404376,15.000000115053199
150000,1,1,0.9979833619076627,15.00000013080945
155000,1,1,0.9975015348506457,15.00000014804946
160000,1,1,0.9969274441774119,15.000000166846903
165000,1,1,0.9962477514606731,15.00000018727426
170000,1,1,0.9954478506522487,15.00000020940238
175000,1,1,0.9945118343898709,15.000000233300003
180000,1,1,0.9934224735119022,15.000000259033273
185000,1,1,0.9921612079289864,15.000000286665207
190000,1,1,0.9907081506840733,15.00000031625514
195000,1,1,0.9890421091222206,15.00000034785813
200000,1,1,0.987140626183286,15.000000381524357
205000,1,1,0.9849800434109054,15.000000417298484
210000,1,1,0.982535587082827,15.000000455219016
215000,1,1,0.9797814793886646,15.000000495317643
220000,1,1,0.9766910767084372,15.000000537618574
225000,1,1,0.9732370365645621,15.000000582137877
230000,1,1,0.9693915141828121,15.000000628882832
235000,1,1,0.9651263890881908,15.000000677851304
240000,1,1,0.960413521637693,15.000000729031136
245000,1,1,0.9552250391017052,15.0000007823996
250000,1,1,0.9495336492860854,15.000000837922885
255000,1,1,0.9433129795282333,15.000000895555653
260000,1,1,0.936537937688668,15.00000095524067
265000,1,1,0.9291850907737333,15.00000101690853
270000,1,1,0.9212330557745296,15.00000108047747
275000,1,1,0.9126628963492742,15.000001145853295
280000,1,1,0.9034585180840701,15.000001212929432
285000,1,1,0.8936070542581419,15.000001281587105
290000,1,1,0.8830992333799261,15.000001351695653
295000,1,1,0.8719297193203868,15.000001423112986
300000,1,1,0.8600974146960126,15.000001495686195
305000,1,1,0.8476057182750846,15.000001569252303
310000,1,1,0.834462727653107,15.00000164363917
315000,1,1,0.8206813794308894,15.000001718666537
320000,1,1,0.8062795182334447,15.000001794147208
325000,1,1,0.7912798932013454,15.00000186988835
330000,1,1,0.7757100742615987,15.000001945692933
335000,1,1,0.7596022881054679,15.000002021361228
340000,1,1,0.7429931748354138,15.000002096692413
345000,1,1,0.7259234654202318,15.00000217148622
350000,1,1,0.7084375894711148,15.000002245544627
355000,1,1,0.6905832181175383,15.00000231867355
360000,1,1,0.6724107505330165,15.000002390684525
365000,1,1,0.6539727552180423,15.000002461396328
370000,1,1,0.6353233787506154,15.000002530636552
375000,1,1,0.6165177352303536,15.00000259824306
380000,1,1,0.5976112896767692,15.00000266406534
385000,1,1,0.5786592486510616,15.00000272796569
390000,1,1,0.5597159710712085,15.00000278982027
395000,1,1,0.5408344113013853,15.000002849519946
400000,1,1,0.5220656051797729,15.000002906970963
405000,1,1,0.5034582079340935,15.000002962095397
410000,1,1,0.48505809107127895,15.000003014831416
415000,1,1,0.4669080033571943,15.000003065133313
420000,1,1,0.4490472989617504,15.000003112971376
425000,1,1,0.4315117338223406,15.0000031583315
430000,1,1,0.41433332937985434,15.00000320121468
435000,1,1,0.397540301091252,15.000003241636286
440000,1,1,0.381157047270147,15.000003279625213
445000,1,1,0.36520419566678347,15.000003315222898
450000,1,1,0.3496986973841969,15.000003348482215
455000,1,1,0.33465396378078627,15.000003379466312
460000,1,1,0.32008003965800974,15.000003408247359
465000,1,1,0.30598380552908805,15.00000343490529
470000,1,1,0.29236920153623797,15.000003459526507
475000,1,1,0.279237466257202,15.000003482202612
480000,1,1,0.26658738447632013,15.000003503029163
485000,1,1,0.25441553855712157,15.000003522104477
490000,1,1,0.24271655853717686,15.0000035395285
495000,1,1,0.23148336671592495,15.000003555401756
500000,1,1,0.22070741329405566,15.000003569824381
505000,1,1,0.2103789003833743,15.000003582895255
510000,1,1,0.20048699235817602,15.00000359471124
515000,1,1,0.19102001109282243,15.000003605366505
520000,1,1,0.18196561516492177,15.000003614951975
525000,1,1,0.17331096259199807,15.000003623554866
530000,1,1,0.16504285708401,15.000003631258325
535000,1,1,0.15714787812984995,15.000003638141155
540000,1,1,0.14961249553069045,15.000003644277648
545000,1,1,0.14242316892604853,15.000003649737454
550000,1,1,0.13556643362215015,15.000003654585557
555000,1,1,0.1290289735260976,15.0000036588823
560000,1,1,0.12279768225473714,15.00000366268346
565000,1,1,0.11685971351988238,15.00000366604037
570000,1,1,0.11120252192301563,15.000003669000076
575000,1,1,0.10581389523223894,15.000003671605526
580000,1,1,0.10068197913818759,15.000003673895778
585000,1,1,0.09579529542870041,15.000003675906216
590000,1,1,0.09114275446941442,15.000003677668799
595000,1,1,0.08671366280932008,15.000003679212286
600000,1,1,0.08249772664945432,15.000003680562475
605000,1,1,0.07848505183340793,15.000003681742443
610000,1,1,0.07466614094689152,15.000003682772778
615000,1,1,0.07103188804758144,15.00000368367178
620000,1,1,0.06757357148255841,15.000003684455699
625000,1,1,0.06428284518967493,15.000003685138902
630000,1,1,0.06115172882367644,15.000003685734088
635000,1,1,0.058172596998768866,15.00000368625244
640000,1,1,0.05533816789582805,15.00000368670379
645000,1,1,0.05264149144190899,15.000003687096774
650000,1,1,0.05007593723839473,15.000003687438948
655000,1,1,0.04763518238018822,15.000003687736932
660000,1,1,0.045313199283698535,15.0000036879965
665000,1,1,0.04310424361905922,15.000003688222694
670000,1,1,0.04100284242299363,15.000003688419902
675000,1,1,0.03900378245215181,15.000003688591944
680000,1,1,0.037102098822786075,15.000003688742138
685000,1,1,0.035293063971147606,15.000003688873374
690000,1,1,0.033572176959497074,15.000003688988148
695000,1,1,0.03193515314470317,15.000003689088635
700000,1,1,0.030377914219840624,15.000003689176715
705000,1,1,0.028896578633873005,15.000003689254019
710000,1,1,0.027487452390252964,15.000003689321959
715000,1,1,0.02614702022189449,15.000003689381757
720000,1,1,0.024871937137298343,15.000003689434473
725000,1,1,0.023659020330529107,15.000003689481025
730000,1,1,0.022505241446162966,15.000003689522204
735000,1,1,0.02140771918916429,15.000003689558701
740000,1,1,0.02036371226882037,15.000003689591113
745000,1,1,0.019370612665345538,15.000003689619955
750000,1,1,0.018425939207346236,15.000003689645675
755000,1,1,0.017527331448261366,15.000003689668661
760000,1,1,0.01667254382984604,15.000003689689253
765000,1,1,0.01585944012085748,15.000003689707743
770000,1,1,0.01508598811927326,15.00000368972439
775000,1,1,0.014350254606617758,15.00000368973941
780000,1,1,0.013650400543266772,15.000003689753001
785000,1,1,0.012984676493925875,15.00000368976533
790000,1,1,0.012351418272826166,15.000003689776545
795000,1,1,0.01174904279854667,15.000003689786773
800000,1,1,0.011176044148748539,15.000003689796127
805000,1,1,0.010630989805485703,15.000003689804709
810000,1,1,0.0101125170821345,15.000003689812603
815000,1,1,0.009619329723358787,15.000003689819884
820000,1,1,0.009150194669894404,15.000003689826624
825000,1,1,0.008703938980296462,15.000003689832875
830000,1,1,0.00827944690214253,15.000003689838694
835000,1,1,0.007875657085523522,15.000003689844128
840000,1,1,0.007491559931981343,15.000003689849214
845000,1,1,0.007126195072368678,15.00000368985399
850000,1,1,0.006778648967408013,15.000003689858492
855000,1,1,0.006448052625020336,15.000003689862742
860000,1,1,0.006133579428772783,15.00000368986677
865000,1,1,0.005834443072062051,15.0000036898706
870000,1,1,0.005549895592906382,15.000003689874248
875000,1,1,0.005279225504463743,15.000003689877735
880000,1,1,0.00502175601662771,15.000003689881076
885000,1,1,0.004776843344275741,15.000003689884291
890000,1,1,0.004543875097957375,15.000003689887388
895000,1,1,0.004322268753012971,15.00000368989038
900000,1,1,0.004111470193307201,15.000003689893282
905000,1,1,0.00391095232594601,15.000003689896099
910000,1,1,0.0037202137635215776,15.000003689898842
915000,1,1,0.0035387775705971835,15.000003689901522
920000,1,1,0.0033661900713034213,15.000003689904144
925000,1,1,0.0032020197150689784,15.000003689906716
930000,1,1,0.0030458559976538307,15.000003689909242
935000,1,1,0.0028973084347902888,15.000003689911733
940000,1,1,0.002756005585868325,15.000003689914188
945000,1,1,0.0026215941252263424,15.000003689916618
950000,1,1,0.0024937379587271057,15.000003689919023
955000,1,1,0.002372117383411568,15.00000368992141
960000,1,1,0.0022564282881307332,15.00000368992378
965000,1,1,0.002146381393157955,15.000003689926137
970000,1,1,0.0020417015268813423,15.000003689928485
975000,1,1,0.0019421269377685054,15.000003689930825
980000,1,1,0.0018474086398839681,15.000003689933159
985000,1,1,0.0017573097903233268,15.000003689935491
990000,1,1,0.0016716050970079794,15.000003689937822
995000,1,1,0.0015900802553600675,15.00000368994015
