time,species,patch,n,m
0,1,1,1,15
5000,1,1,0.9999993749919329,15.000000000007757
10000,1,1,0.9999987493871826,15.000000000069331
15000,1,1,0.9999981175838509,15.000000000275563
20000,1,1,0.999997454927288,15.000000000760696
25000,1,1,0.9999967135005664,15.000000001603985
30000,1,1,0.9999957783228558,15.000000002980002
35000,1,1,0.9999944445204253,15.000000005048918
40000,1,1,0.999992198735315,15.000000008191424
45000,1,1,0.9999882708068969,15.000000012700506
50000,1,1,0.9999813273355445,15.000000018946968
55000,1,1,0.9999693996759936,15.000000027312336
60000,1,1,0.9999496379171676,15.000000038212011
65000,1,1,0.9999180404319723,15.000000052094403
70000,1,1,0.9998690770546134,15.000000069441565
75000,1,1,0.9997954527789015,15.00000009076316
80000,1,1,0.9996877153595861,15.000000116596611
85000,1,1,0.9995338003852414,15.00000014750655
90000,1,1,0.9993186023843539,15.000000184083175
95000,1,1,0.9990234810128606,15.000000226940573
100000,1,1,0.9986257519290292,15.000000276715232
105000,1,1,0.9980981012796915,15.000000334064321
110000,1,1,0.9974080687158916,15.00000039966411
115000,1,1,0.9965175042374258,15.000000474208177
120000,1,1,0.9953819796235891,15.000000558405338
125000,1,1,0.9939502384711357,15.0000006529775
130000,1,1,0.9921636964301624,15.000000758657373
135000,1,1,0.9899560009412685,15.000000876185982
140000,1,1,0.9872526677708013,15.000001006309926
145000,1,1,0.9839708322400058,15.000001149778415
150000,1,1,0.9800191563328696,15.000001307340051
155000,1,1,0.9752979310476196,15.000001479739353
160000,1,1,0.969699416936877,15.000001667712977
165000,1,1,0.9631084544725989,15.000001871985669
170000,1,1,0.9554034780165034,15.000002093265842
175000,1,1,0.9464578537245872,15.000002332240921
180000,1,1,0.9361416752422274,15.000002589572357
185000,1,1,0.9243240709308176,15.00000286589033
190000,1,1,0.9108760117878465,15.000003161788152
195000,1,1,0.8956736689967638,15.00000347781641
200000,1,1,0.8786022953664184,15.000003814476882
205000,1,1,0.8595605864397836,15.000004172216213
210000,1,1,0.8384654872073377,15.000004551419465
215000,1,1,0.8152572872169683,15.000004952403517
220000,1,1,0.7899048458104311,15.000005375410458
225000,1,1,0.762410756911533,15.000005820600988
230000,1,1,0.7328161967503677,15.000006288047908
235000,1,1,0.7012050543402116,15.000006777729856
240000,1,1,0.6677071507133974,15.000007289525302
245000,1,1,0.6325001420501701,15.000007823206962
250000,1,1,0.5958096931359711,15.000008378436737
255000,1,1,0.5579077883186394,15.00000895476127
260000,1,1,0.5191088925086944,15.000009551608258
265000,1,1,0.479763821057567,15.000010168283657
270000,1,1,0.4402514463516908,15.000010803969852
275000,1,1,0.4009684138528395,15.000011457724941
280000,1,1,0.36231723562898155,15.000012128483224
285000,1,1,0.324693345002398,15.000012815056985
290000,1,1,0.2884717802551331,15.000013516139655
295000,1,1,0.25399426283795096,15.000014230310375
300000,1,1,0.22155749372778633,15.000014956040081
305000,1,1,0.19140344697570158,15.000015691699055
310000,1,1,0.16371234894719897,15.000016435565946
315000,1,1,0.13859862033948211,15.000017185838194
320000,1,1,0.11611024806575476,15.000017940643875
325000,1,1,0.09623140133595087,15.000018698054753
330000,1,1,0.07888802880248957,15.000019456100503
335000,1,1,0.06395591900962799,15.000020212783884
340000,1,1,0.05127051372618583,15.000020966096692
345000,1,1,0.0406376944850672,15.000021714036292
350000,1,1,0.031844743082569994,15.00002245462248
355000,1,1,0.024670795483692075,15.00002318591442
360000,1,1,0.018896031424766136,15.000023906027444
365000,1,1,0.014309406111767873,15.000024613149343
370000,1,1,0.010714558032364386,15.00002530555601
375000,1,1,0.007933818723874914,15.00002598162608
380000,1,1,0.005810519373814908,15.000026639854369
385000,1,1,0.004209751320349837,15.000027278863868
390000,1,1,0.0030178993837092537,15.000027897416112
395000,1,1,0.0021412691672959036,15.000028494419736
400000,1,1,0.0015041098891573532,15.000029068937112
405000,1,1,0.001046318658674259,15.000029620188938
410000,1,1,7.210573462573448e-4,15.00003014755679
415000,1,1,4.924391901146093e-4,15.000030650583657
420000,1,1,3.3340528421287535e-4,15.000031128972287
425000,1,1,2.2387168721901439e-4,15.00003158258163
430000,1,1,1.491438705409771e-4,15.000032011421533
435000,1,1,9.861924588495969e-5,15.000032415645672
440000,1,1,6.475211320602425e-5,15.000032795542936
445000,1,1,4.223364895617701e-5,15.000033151527626
450000,1,1,2.7374193548669587e-5,15.000033484128483
455000,1,1,1.7639997837467552e-5,15.000033793976902
460000,1,1,1.1305638587894767e-5,15.000034081794599
