time,species,patch,n,m,Tenv
0,1,1,1,15,15
5000,1,1,0.6202458330115432,15.00000003465175,15.0000124064375
10000,1,1,0.384704923586569,15.000000549865355,15.000098506
15000,1,1,0.23861166469645384,15.000002760741317,15.0003299518125
20000,1,1,0.14799791967363005,15.000008653213781,15.000776192
25000,1,1,0.09179511822260901,15.00002095109033,15.0015044921875
30000,1,1,0.05693555847858634,15.000043083708382,15.002579958
35000,1,1,0.03531406116369415,15.000079154201316,15.0040655575625
40000,1,1,0.0219034154374285,15.00013390836749,15.006022144
45000,1,1,0.013585516897422937,15.00021270413552,15.0085084779375
50000,1,1,0.008426371792166473,15.000321481619027,15.01158125
55000,1,1,0.005226434581146103,15.000466733754289,15.0152951033125
60000,1,1,0.0032416852864855755,15.000655477514155,15.019702656
65000,1,1,0.0020106515622147826,15.000895225691803,15.0248545236875
70000,1,1,0.0012471077981933895,15.001193959247754,15.030799342
75000,1,1,7.73519297376258e-4,15.001560100213498,15.0375837890625
80000,1,1,4.7978104854928556e-4,15.002002485146207,15.045252608
85000,1,1,2.9758762098202175e-4,15.002530339126224,15.0538486294375
90000,1,1,1.84584122022136e-4,15.003153250294282,15.063412794
95000,1,1,1.1449217094362799e-4,15.003881144917587,15.0739841748125
100000,1,1,7.10174459598726e-5,15.004724262983549,15.0856
105000,1,1,4.405491239150916e-5,15.005693134312194,15.0982956751875
110000,1,1,2.7328554440566066e-5,15.006798555177111,15.112104806
115000,1,1,1.6953627809387046e-5,15.008051565442576,15.1270592205625
