time,species,patch,n,m,Tenv
0,1,1,1,15,15
5000,1,1,0.6509715052189222,15.00000010905039,15.0000124064375
10000,1,1,0.42376395702096437,15.000001722162938,15.000098506
15000,1,1,0.27585830583854154,15.00000860529304,15.0003299518125
20000,1,1,0.17957593496254806,15.000026844048787,15.000776192
25000,1,1,0.1168988425924739,15.00006468690609,15.0015044921875
30000,1,1,0.0760978403945988,15.00013239465426,15.002579958
35000,1,1,0.04953754574188869,15.000242095851847,15.0040655575625
40000,1,1,0.0322475466666958,15.000407648084398,15.006022144
45000,1,1,0.020992249515892018,15.000644504821484,15.0085084779375
50000,1,1,0.013665370113325706,15.00096958767706,15.01158125
55000,1,1,0.00889577790019394,15.001401163884227,15.0152951033125
60000,1,1,0.005790909732475026,15.001958728801096,15.019702656
65000,1,1,0.0037697264102796325,15.002662893269953,15.0248545236875
70000,1,1,0.002453994850788234,15.003535275660195,15.030799342
75000,1,1,0.0015974886779447598,15.00459839842555,15.0375837890625
80000,1,1,0.0010399270021340262,15.005875589020544,15.045252608
85000,1,1,6.76968740388717e-4,15.007390885014388,15.0538486294375
90000,1,1,4.406951333048371e-4,15.0091689432625,15.063412794
95000,1,1,2.8688429187855485e-4,15.011234952972865,15.0739841748125
100000,1,1,1.867596461448983e-4,15.01361455256385,15.0856
105000,1,1,1.2157952998702171e-4,15.016333750117896,15.0982956751875
110000,1,1,7.914791777248821e-5,15.01941884737462,15.112104806
115000,1,1,5.1528768151694805e-5,15.022896367098573,15.1270592205625
120000,1,1,3.354844633370568e-5,15.026792983658538,15.143188992
125000,1,1,2.1841496785713735e-5,15.0311354568104,15.1605224609375
130000,1,1,1.4221574710257587e-5,15.03595056852536,15.179086258
