time,species,patch,n,m,Tenv
0,1,1,1,15,15
5000,1,1,0.61083464856825,15.000000010974617,15.0000124064375
10000,1,1,0.37311899403728244,15.000000174415252,15.000098506
15000,1,1,0.2279140472045467,15.000000877037033,15.0003299518125
20000,1,1,0.13921782423645307,15.000002753175021,15.000776192
25000,1,1,0.0850390956760069,15.000006676167974,15.0015044921875
30000,1,1,0.051944845330894565,15.00001374985185,15.002579958
35000,1,1,0.031729728262275395,15.000025300162804,15.0040655575625
40000,1,1,0.019381633669283284,15.000042866849167,15.006022144
45000,1,1,0.011838988511706061,15.000068195292148,15.0085084779375
50000,1,1,0.007231676391259662,15.000103228434742,15.01158125
55000,1,1,0.0044173697790113875,15.000150098818573,15.0152951033125
60000,1,1,0.0026982947846541706,15.000211120728213,15.019702656
65000,1,1,0.001648220654023026,15.00028878244263,15.0248545236875
70000,1,1,0.0010067989065527857,15.000385738593378,15.030799342
75000,1,1,6.14995201783169e-4,15.000504802629111,15.0375837890625
80000,1,1,3.7566788510543317e-4,15.000648939386096,15.045252608
85000,1,1,2.2947652161275066e-4,15.000821257764274,15.0538486294375
90000,1,1,1.401786877542053e-4,15.001025003508634,15.063412794
95000,1,1,8.562910975667704e-5,15.001263552095017,15.0739841748125
100000,1,1,5.231154150252623e-5,15.001540401721254,15.0856
105000,1,1,3.195872675531062e-5,15.00185916640092,15.0982956751875
110000,1,1,1.9524153872676893e-5,15.002223569162036,15.112104806
