time,species,patch,n,m,Tenv
0,1,1,1,15,15
5000,1,1,0.7585146010989693,15.000000339653674,15.0000124064375
10000,1,1,0.5753444096828039,15.000005284738885,15.000098506
15000,1,1,0.4364071469286019,15.000026023220281,15.0003299518125
20000,1,1,0.3310212097044847,15.000080020067841,15.000776192
25000,1,1,0.25108444693450027,15.000190121244396,15.0015044921875
30000,1,1,0.19045123668794967,15.000383754834155,15.002579958
35000,1,1,0.1444600533738329,15.000692219081133,15.0040655575625
40000,1,1,0.10957506403855084,15.001150048070862,15.006022144
45000,1,1,0.0831142857585156,15.001794446865777,15.0085084779375
50000,1,1,0.06304338948891945,15.002664788727484,15.01158125
55000,1,1,0.047819316611073304,15.003802167866617,15.0152951033125
60000,1,1,0.0362716261266732,15.005249001769254,15.019702656
65000,1,1,0.02751252670197679,15.00704867791909,15.0248545236875
70000,1,1,0.020868619293837383,15.00924524014622,15.030799342
75000,1,1,0.01582911150736404,15.011883110381815,15.0375837890625
80000,1,1,0.012006569890255782,15.01500684217291,15.045252608
85000,1,1,0.009107111034821414,15.018660902401848,15.0538486294375
90000,1,1,0.006907829728533829,15.022889478458906,15.063412794
95000,1,1,0.005239641856632422,15.027736307914665,15.0739841748125
100000,1,1,0.003974296995665656,15.033244528546263,15.0856
105000,1,1,0.0030145185791282617,15.039456546439698,15.0982956751875
110000,1,1,0.0022865130379260247,15.046413920217251,15.112104806
115000,1,1,0.0017343124912610544,15.054157259927319,15.1270592205625
120000,1,1,0.0013154644948624454,15.062726138790614,15.143188992
125000,1,1,9.97763639632859e-4,15.072159016540343,15.1605224609375
130000,1,1,7.567856958788578e-4,15.082493173350496,15.179086258
135000,1,1,5.740062416050122e-4,15.093764652985444,15.1989053263125
140000,1,1,4.353680427259452e-4,15.106008214176994,15.220002944
145000,1,1,3.3021022473306695e-4,15.119257289789525,15.2424007466875
150000,1,1,2.5045017515511837e-4,15.133543952661896,15.26611875
155000,1,1,1.8995425893368834e-4,15.148898887261995,15.2911753720625
160000,1,1,1.4406941372750094e-4,15.16535136699642,15.317587456
165000,1,1,1.0926593053166185e-4,15.182929236314765,15.3453702924375
170000,1,1,8.286867325389876e-5,15.20165889737218,15.374537642
175000,1,1,6.284974238267077e-5,15.22156530051329,15.4051017578125
180000,1,1,4.766736678221049e-5,15.242671937954793,15.437073408
185000,1,1,3.615160019586354e-5,15.265000841177656,15.4704618981875
190000,1,1,2.741669079523232e-5,15.288572581141484,15.505275094
195000,1,1,2.0791711762066343e-5,15.313406270905213,15.5415194435625
200000,1,1,1.5767927409394716e-5,15.339519570636465,15.5792
205000,1,1,1.1958112069128618e-5,15.366928694449136,15.618320443937499
