time,species,patch,n,m,Tenv
0,1,1,1,15,15
5000,1,1,1.230113956936216,15.00000102462598,15.0000124064375
10000,1,1,1.5131804547509746,15.000015254592359,15.000098506
15000,1,1,1.8613843080384784,15.000072058624797,15.0003299518125
20000,1,1,2.289714691347559,15.000213045173714,15.000776192
25000,1,1,2.816609638446162,15.000487771099959,15.0015044921875
30000,1,1,3.4647497211547997,15.000950725761127,15.002579958
35000,1,1,4.262033879200609,15.00165922237462,15.0040655575625
40000,1,1,5.242779630159755,15.002671923841188,15.006022144
45000,1,1,6.449198939320789,15.004047814092615,15.0085084779375
50000,1,1,7.933213096951521,15.005845482345254,15.01158125
55000,1,1,9.758684178799928,15.008122627037405,15.0152951033125
60000,1,1,12.00415869047993,15.01093571405057,15.019702656
65000,1,1,14.766240323078746,15.014339743206094,15.0248545236875
70000,1,1,18.163736141933786,15.018388090848893,15.030799342
75000,1,1,22.342752436646144,15.023132405826468,15.0375837890625
80000,1,1,27.482957756749517,15.028622543004666,15.045252608
85000,1,1,33.805278726263204,15.034906523137764,15.0538486294375
90000,1,1,41.58135609387138,15.042030511277327,15.063412794
95000,1,1,51.145161100185696,15.050038808212134,15.0739841748125
100000,1,1,62.90726455441748,15.058973851086927,15.0856
105000,1,1,77.37236095885756,15.068876220488114,15.0982956751875
110000,1,1,95.16078717322702,15.079784652097093,15.112104806
115000,1,1,117.03494195882423,15.091736051575948,15.1270592205625
120000,1,1,143.93171554874755,15.104765511748118,15.143188992
125000,1,1,177.0022919615458,15.118906331416012,15.1605224609375
130000,1,1,217.6609862021969,15.134190035351784,15.179086258
135000,1,1,267.64516203118103,15.150646395135773,15.1989053263125
140000,1,1,329.0887206793589,15.168303450611994,15.220002944
145000,1,1,404.61222538710587,15.187187531798083,15.2424007466875
150000,1,1,497.43339176553826,15.207323281133634,15.26611875
155000,1,1,611.5025285955913,15.228733675984108,15.2911753720625
160000,1,1,751.6685113609523,15.251440051340278,15.317587456
165000,1,1,923.882136669772,15.275462122669508,15.3453702924375
170000,1,1,1135.4452050873824,15.300818008886107,15.374537642
175000,1,1,1395.315546493128,15.32752425541617,15.4051017578125
180000,1,1,1714.4804605944205,15.355595857337546,15.437073408
185000,1,1,2106.413783785131,15.385046282579642,15.4704618981875
190000,1,1,2587.635201478243,15.415887495170377,15.505275094
195000,1,1,3178.394434309767,15.448129978519521,15.5415194435625
200000,1,1,3903.508046558444,15.481782758729162,15.5792
205000,1,1,4793.382529087221,15.516853427922898,15.618320443937499
210000,1,1,5885.264923300891,15.553348167586249,15.658883106
215000,1,1,7224.7710150421535,15.591271771911307,15.7008889893125
220000,1,1,8867.752369108954,15.630627671139127,15.744337792
225000,1,1,10882.576520630642,15.671417954893764,15.7892279296875
230000,1,1,13352.911169092811,15.71364339550223,15.835556558
235000,1,1,16381.122684535572,15.757303471294945,15.883319595062499
240000,1,1,20092.4234312511,15.802396389881551,15.932511744
245000,1,1,24639.9315397743,15.848919111397278,15.9831265154375
250000,1,1,30210.84199605543,15.896867371715267,16.03515625
255000,1,1,37033.951593705846,15.946235705620666,16.0885921408125
260000,1,1,45388.83151892917,15.997017469942408,16.143424256
265000,1,1,55617.0065829384,16.049204866639023,16.1996415611875
270000,1,1,68135.57503696586,16.102788965835064,16.257231942
275000,1,1,83453.79941964113,16.157759728804933,16.3161822265625
280000,1,1,102193.30940559998,16.21410603090132,16.376478208
285000,1,1,125112.69937821382,16.271815684425633,16.438104666937498
290000,1,1,153137.46715488876,16.33087546143816,16.501045394
295000,1,1,187396.4476582249,16.391271116505887,16.5652832123125
300000,1,1,229266.13855354974,16.452987409386385,16.6308
305000,1,1,280424.6170349252,16.51600812764624,16.6975767126875
310000,1,1,342917.109480756,16.58031610921296,16.765593406
315000,1,1,419235.7141795244,16.64589326485947,16.8348292580625
320000,1,1,512416.3192150989,16.71272060062077,16.905262592
325000,1,1,626156.3927520595,16.78077824014239,16.9768708984375
330000,1,1,764958.1310579062,16.85004544696079,17.049630858
335000,1,1,934302.375452118,16.92050064671605,17.1235183638125
340000,1,1,1140859.902915233,16.992121449297475,17.198508544
345000,1,1,1392748.0587170615,17.064884670923107,17.2745757841875
350000,1,1,1699842.449495523,17.13876635615442,17.35169375
355000,1,1,2074155.4337165547,17.213741799847696,17.4298354095625
360000,1,1,2530295.7051506145,17.289785569043982,17.508973056000002
365000,1,1,3086026.2623130283,17.366871524799716,17.5890783299375
370000,1,1,3762941.786473896,17.444972843960592,17.670122241999998
375000,1,1,4587290.920137497,17.52406204088114,17.7520751953125
380000,1,1,5590974.353376935,17.604110989093314,17.834907008000002
385000,1,1,6812756.315686954,17.685090942927104,17.9185869356875
390000,1,1,8299734.9237720985,17.766972559086895,18.003083694
395000,1,1,10109126.832800403,17.84972591818723,18.0883654810625
400000,1,1,12310433.108427247,17.933320546252123,18.1744
405000,1,1,14988068.037501486,18.017725436182083,18.2611544814375
410000,1,1,18244549.53278668,18.102909069193444,18.348595706
415000,1,1,22204371.562003996,18.188839436234634,18.4366900268125
420000,1,1,27018704.1749129,18.275484059384183,18.525403392
425000,1,1,32871098.657853823,18.362810013235663,18.6147013671875
430000,1,1,39984412.82841455,18.45078394627457,18.704549158
435000,1,1,48629218.247421265,18.5393721022526,18.7949116325625
440000,1,1,59134007.25950451,18.628540341564538,18.885753344
445000,1,1,71897586.01666676,18.718254162633368,18.9770385529375
450000,1,1,87404124.02709506,18.808478723309022,19.06873125
455000,1,1,106241430.2652787,18.8991788622863,19.1607951783125
460000,1,1,129123152.6542689,18.990319120547447,19.253193856
465000,1,1,156915743.78397375,19.081863762834832,19.3458905986875
470000,1,1,190671224.57453468,19.173776799159107,19.438848542
475000,1,1,231666994.45617774,19.266022006348056,19.5320306640625
480000,1,1,281454216.1382105,19.35856294964125,19.625399807999997
485000,1,1,341916626.97970593,19.451363004335438,19.7189187044375
490000,1,1,415342041.72900814,19.544385377485348,19.812549994
495000,1,1,504509297.2783516,19.637593129664406,19.9062562498125
500000,1,1,612793998.3983245,19.73094919678947,20
505000,1,1,744297155.3703967,19.824416412013555,20.0937437501875
510000,1,1,904001698.6279916,19.91795752769002,20.187450006
515000,1,1,1097962962.9635515,20.01153523741141,20.2810812955625
520000,1,1,1333540546.6961415,20.10511219812573,20.374600192000003
525000,1,1,1619680626.5291219,20.19865105233257,20.4679693359375
530000,1,1,1967259749.2894077,20.292114450360916,20.561151458
535000,1,1,2389503634.9622173,20.385465072730362,20.6541094013125
540000,1,1,2902497426.6593723,20.47866565259647,20.746806144
545000,1,1,3525807569.8621593,20.571678998281058,20.8392048216875
550000,1,1,4283239866.037204,20.664468015887437,20.93126875
555000,1,1,5203763819.991384,20.756995732000128,21.0229614470625
560000,1,1,6322639987.053469,20.849225316468296,21.114246656
565000,1,1,7682795302.532226,20.941120105271374,21.2050883674375
570000,1,1,9336501362.745092,21.032643623465216,21.295450842
575000,1,1,11347422884.30725,21.123759608206274,21.385298632812496
580000,1,1,13793118773.223402,21.21443203185123,21.474596608
585000,1,1,16768096361.335514,21.30462512512874,21.5633099731875
590000,1,1,20387542522.396603,21.394303400379812,21.651404294
595000,1,1,24791882346.14495,21.483431674862718,21.7388455185625
600000,1,1,30152351017.999184,21.57197509411824,21.8256
605000,1,1,36677805123.460396,21.659899155390423,21.911634518937497
610000,1,1,44623052067.66215,21.747169731097966,21.996916306000003
615000,1,1,54299037671.769196,21.83375309235098,22.0814130643125
620000,1,1,66085310582.29432,21.919615932507647,22.165092991999998
625000,1,1,80445275290.2624,22.004725390765117,22.2479248046875
630000,1,1,97944862963.80235,22.089049075778874,22.329877758000002
635000,1,1,119275391282.47441,22.172555089304552,22.4109216700625
640000,1,1,145281559379.35065,22.255212049856283,22.491026943999998
645000,1,1,176995741249.38837,22.336989116375452,22.5701645904375
650000,1,1,215680001085.57452,22.417856011903915,22.64830625
655000,1,1,262877586452.1887,22.497783047255496,22.7254242158125
660000,1,1,320476044099.64197,22.576741144679996,22.801491456
665000,1,1,390784607700.7776,22.654701861513715,22.8764816361875
670000,1,1,476629094328.2114,22.73163741381089,22.950369142
675000,1,1,581468307097.7341,22.807520699950437,23.0231291015625
680000,1,1,709536833465.741,22.882325324212704,23.094737408
685000,1,1,866020272431.621,22.956025620321093,23.1651707419375
690000,1,1,1057270282964.3966,23.028596674943635,23.234406594
695000,1,1,1291068561328.606,23.100014351150055,23.3024232873125
700000,1,1,1576950932461.1072,23.170255311819876,23.3692
705000,1,1,1926605305849.9282,23.23929704299759,23.4347167876875
710000,1,1,2354360432591.647,23.30711787719132,23.498954605999998
715000,1,1,2877786226817.3394,23.37369701661151,23.5618953330625
720000,1,1,3518431303656.0547,23.439014556346724,23.623521792
725000,1,1,4302729117471.331,23.503051507473938,23.683817773437497
730000,1,1,5263111522750.016,23.56578982010091,23.742768057999996
735000,1,1,6439377254710.511,23.627212406338995,23.800358438812502
740000,1,1,7880374060899.394,23.687303163204543,23.856575743999997
745000,1,1,9646066408904.225,23.746046995448005,23.911407859187495
750000,1,1,11810077613634.682,23.803429838309754,23.96484375
755000,1,1,14462815343971.104,23.859438680202352,24.016873484562502
760000,1,1,17715314883617.99,23.914061585319022,24.067488256
765000,1,1,21703965283677.223,23.967287716168848,24.116680404937497
770000,1,1,26596321587058.46,24.01910735603915,24.164443442000003
775000,1,1,32598253515893.25,24.069511931386252,24.2107720703125
780000,1,1,39962737764762.13,24.118494034155795,24.255662208000004
785000,1,1,49000673524308.46,24.16604744403443,24.2991110106875
790000,1,1,60094185863526.305,24.21216715063489,24.341116894000002
795000,1,1,73712991882307.34,24.256849375616724,24.381679556062494
800000,1,1,90434533178310.89,24.300091594745453,24.4208
805000,1,1,110968744727673.39,24.341892559892962,24.458480556437504
810000,1,1,136188525765110.84,24.382252320982584,24.494724905999995
815000,1,1,167167229075574.47,24.421172247882236,24.529538101812506
820000,1,1,205224782977542.4,24.45865505224955,24.562926592000004
825000,1,1,251984436822236.9,24.494704809333047,24.5948982421875
830000,1,1,309442576140331.7,24.529326979733664,24.625462358000004
835000,1,1,380054616835344.25,24.562528431131295,24.654629707562503
840000,1,1,466840685952627.94,24.594317459981102,24.682412543999995
845000,1,1,573515636354822,24.624703813184677,24.708824627937496
850000,1,1,704649013921279.6,24.653698709741253,24.733881249999992
855000,1,1,865861852244890.5,24.6813148623844,24.757599253312495
860000,1,1,1064068799508323.8,24.707566499209868,24.779997055999996
865000,1,1,1307775981306365,24.732469385300217,24.8010946736875
870000,1,1,1607447463330721,24.756040844352146,24.820913741999995
875000,1,1,1975956062317805.5,24.77829978031255,24.8394775390625
880000,1,1,2429137956210970.5,24.79926669902925,24.856811008000005
885000,1,1,2986474937663505,24.818963729922558,24.872940779437506
890000,1,1,3671933711961990.5,24.83741464768376,24.887895194
895000,1,1,4514998351291814,24.85464489400653,24.9017043248125
900000,1,1,5551940330251089,24.87068159935734,24.914399999999997
905000,1,1,6827380855284792,24.88555360479069,24.9260158251875
910000,1,1,8396212591384253,24.89929148381482,24.936587206000002
915000,1,1,10325963682737330,24.911927564313448,24.946151370562497
920000,1,1,12699705494720462,24.92349595052851,24.954747391999998
925000,1,1,15619629541918340,24.93403254510889,24.96241621093751
930000,1,1,19211447080488204,24.94357507122934,24.969200658
935000,1,1,23629801146412688,24.952163094783284,24.9751454763125
940000,1,1,29064923380765824,24.959838046652898,24.980297344000007
945000,1,1,35750822656009660,24.96664324505866,24.98470489668751
950000,1,1,43975357354946010,24.972623917990017,24.98841874999999
955000,1,1,54092625265468504,24.977827225717796,24.9914915220625
960000,1,1,66538204139169010,24.982302283387927,24.993977856
965000,1,1,81847898867480980,24.98610018369463,24.99593444243749
970000,1,1,100680803171653150,24.9892740196302,24.997420041999995
975000,1,1,123847666995128740,24.99187890730666,24.998495507812493
980000,1,1,152345794061892930,24.993972008843222,24.999223807999986
985000,1,1,187401968161969020,24.995612555311226,24.999670048187504
990000,1,1,230525261872248800,24.996861869726793,24.999901493999996
995000,1,1,283571995348849800,24.99778339007861,24.999987593562487
1000000,1,1,348825649049747460,24.998442692288837,25
