time,species,patch,n,m,Tenv
0,1,1,1,15,15
5000,1,1,3105368336762965e15,15.000011413812592,15.0000124064375
10000,1,1,9643301601889274e45,15.000094462614047,15.000098506
15000,1,1,2994577459287124e76,15.000320860532579,15.0003299518125
20000,1,1,9299005435774843e106,15.000760117754707,15.000776192
25000,1,1,28874689462649085e136,15.001479561322892,15.0015044921875
30000,1,1,8965201812358955e167,15.00254435763053,15.002579958
35000,1,1,27831646594066125e197,15.004017534916361,15.0040655575625
40000,1,1,8638115217233569e228,15.005960005758332,15.006022144
45000,1,1,26801285528413493e258,15.008430589567379,15.0085084779375
50000,1,1,8311768007473039e289,15.01148603508116,15.01158125
