time,species,patch,n,m,Tenv
0,1,1,1,15,15
5000,1,1,0.8824968945771609,15.000000561267756,15.0000124064375
10000,1,1,0.7788007639215749,15.00000860712331,15.000098506
15000,1,1,0.6872892222967855,15.000041804247363,15.0003299518125
20000,1,1,0.6065306241022976,15.000126863415398,15.000776192
25000,1,1,0.535261373085386,15.000297594636876,15.0015044921875
30000,1,1,0.47236645317876425,15.000593347393101,15.002579958
35000,1,1,0.41686180994258976,15.001057681664541,15.0040655575625
40000,1,1,0.36787903188906035,15.001737290818108,15.006022144
45000,1,1,0.3246517216157644,15.002681102291218,15.0085084779375
50000,1,1,0.28650354120046573,15.003939542082822,15.01158125
55000,1,1,0.25283760340151895,15.005563923266209,15.0152951033125
60000,1,1,0.22312716394652235,15.007605947614179,15.019702656
65000,1,1,0.19690737717523168,15.010117293105706,15.0248545236875
70000,1,1,0.1737680209567868,15.013149275693973,15.030799342
75000,1,1,0.15334708522504903,15.01675257326445,15.0375837890625
80000,1,1,0.1353251062201001,15.020976999692211,15.045252608
85000,1,1,0.11942017077054667,15.025871321452621,15.0538486294375
90000,1,1,0.10538350530959183,15.031483109039408,15.063412794
95000,1,1,0.09299557695891666,15.037858617009157,15.0739841748125
100000,1,1,0.08206265882109305,15.04504268859357,15.0856
105000,1,1,0.07241380375589938,15.053078680480226,15.0982956751875
110000,1,1,0.06389815911287347,15.062008403399801,15.112104806
115000,1,1,0.056382607998230784,15.071872077172866,15.1270592205625
120000,1,1,0.04974968355020751,15.082708297015017,15.143188992
125000,1,1,0.04389572215795138,15.094554009190583,15.1605224609375
130000,1,1,0.038729249343483436,15.107444495318527,15.179086258
135000,1,1,0.03416954178042683,15.121413362741837,15.1989053263125
140000,1,1,0.030145362305467847,15.136492540635823,15.220002944
145000,1,1,0.02659384590631046,15.152712280878001,15.2424007466875
150000,1,1,0.023459512624693944,15.170101162686752,15.26611875
155000,1,1,0.020693399468292795,15.188686100620021,15.2911753720625
160000,1,1,0.018252292792462987,15.208492355303987,15.317587456
165000,1,1,0.01609805526371773,15.229543546598672,15.3453702924375
170000,1,1,0.014197028529775287,15.251861668586674,15.374537642
175000,1,1,0.012519503545971231,15.275467106166362,15.4051017578125
180000,1,1,0.011039256493163915,15.30037865313767,15.437073408
185000,1,1,0.00973314189743783,15.326613531512546,15.4704618981875
190000,1,1,0.008580729984495078,15.354187411719385,15.505275094
195000,1,1,0.007563987881291157,15.38311443367723,15.5415194435625
200000,1,1,0.0066669959943226505,15.41340722853689,15.5792
205000,1,1,0.005875700606546002,15.445076941077078,15.618320443937499
210000,1,1,0.005177695999234481,15.478133252603664,15.658883106
215000,1,1,0.004562030937150796,15.512584404233317,15.7008889893125
220000,1,1,0.004019037911457617,15.54843722051753,15.744337792
225000,1,1,0.00354018233804038,15.58569713334765,15.7892279296875
230000,1,1,0.0031179288244773964,15.624368206079561,15.835556558
235000,1,1,0.0027456247834436362,15.66445315786202,15.883319595062499
240000,1,1,0.0024173974875979698,15.7059533880922,15.932511744
245000,1,1,0.0021280626164437142,15.748869000957471,15.9831265154375
250000,1,1,0.0018730433066083995,15.79319883003828,16.03515625
255000,1,1,0.0016482989167804127,15.83894046294954,16.0885921408125
260000,1,1,0.0014502623660578567,15.886090265992479,16.143424256
265000,1,1,0.0012757847449191787,15.934643408788352,16.1996415611875
270000,1,1,0.0011220865628707485,15.984593888870302,16.257231942
275000,1,1,9.867143922103478e-4,16.035934556215086,16.3161822265625
280000,1,1,8.675026361702007e-4,16.088657137698913,16.376478208
285000,1,1,7.62539868854597e-4,16.142752261460522,16.438104666937498
290000,1,1,6.701391630134529e-4,16.198209481155587,16.501045394
295000,1,1,5.888118508891208e-4,16.255017300088458,16.5652832123125
300000,1,1,5.172443100097726e-4,16.313163195209615,16.6308
305000,1,1,4.542774628575071e-4,16.372633640967912,16.6975767126875
310000,1,1,3.988886937707139e-4,16.43341413300756,16.765593406
315000,1,1,3.5017588656189604e-4,16.495489211700395,16.8348292580625
320000,1,1,3.073433182385074e-4,16.558842485505366,16.905262592
325000,1,1,2.6968919206486454e-4,16.623456654148068,16.9768708984375
330000,1,1,2.3659462707917804e-4,16.68931353161406,17.049630858
335000,1,1,2.0751393741173248e-4,16.75639406895048,17.1235183638125
340000,1,1,1.8196604774965144e-4,16.824678376871177,17.198508544
345000,1,1,1.5952690929367934e-4,16.894145748161623,17.2745757841875
350000,1,1,1.3982279982307553e-4,16.96477467988058,17.35169375
355000,1,1,1.2252440650750433e-4,17.03654289535634,17.4298354095625
360000,1,1,1.0734160070497701e-4,17.10942736597618,17.508973056000002
365000,1,1,9.401882239679433e-5,17.183404332767974,17.5890783299375
370000,1,1,8.233100810119994e-5,17.258449327776933,17.670122241999998
375000,1,1,7.207999044165e-5,17.334537195234454,17.7520751953125
380000,1,1,6.309131918990627e-5,17.411642112523282,17.834907008000002
385000,1,1,5.5211455594199035e-5,17.4897376109424,17.9185869356875
390000,1,1,4.830529636099073e-5,17.56879659627544,18.003083694
395000,1,1,4.2253987687183177e-5,17.64879136916687,18.0883654810625
400000,1,1,3.695299522831785e-5,17.729693645311396,18.1744
405000,1,1,3.2310400681721276e-5,17.81147457546365,18.2611544814375
410000,1,1,2.824539895080864e-5,17.8941047652758,18.348595706
415000,1,1,2.468697239894972e-5,17.977554294971753,18.4366900268125
420000,1,1,2.157272129176515e-5,18.061792738867307,18.525403392
425000,1,1,1.884783214692641e-5,18.14678918474684,18.6147013671875
430000,1,1,1.646416798461309e-5,18.232512253108037,18.704549158
435000,1,1,1.4379466292915903e-5,18.318930116287124,18.7949116325625
440000,1,1,1.255663207591842e-5,18.406010517478016,18.885753344
