time,species,patch,n,m,Tenv
0,1,1,1,15,15
5000,1,1,1.6487214812753264,15.000010725725902,15.0000124064375
10000,1,1,2.718282216190969,15.000091510243399,15.000098506
15000,1,1,4.4816899394583585,15.000314108148775,15.0003299518125
20000,1,1,7.38905790052387,15.00074807731399,15.000776192
25000,1,1,12.18249754106568,15.001460791982687,15.0015044921875
30000,1,1,20.08554381076849,15.002517465273534,15.002579958
35000,1,1,33.11546489093072,15.00398117168022,15.0040655575625
40000,1,1,54.59817387388104,15.005912869571427,15.006022144
45000,1,1,90.0171744081936,15.008371423690793,15.0085084779375
50000,1,1,148.4132360647366,15.011413627656921,15.01158125
55000,1,1,244.69206719347227,15.01509422646337,15.0152951033125
60000,1,1,403.42902695708614,15.01946593897864,15.019702656
65000,1,1,665.142029388125,15.024579480446167,15.0248545236875
70000,1,1,1096.6338200257755,15.03048358498434,15.030799342
75000,1,1,1808.0434929575167,15.037225028086466,15.0375837890625
80000,1,1,2980.9596998140037,15.04484864912078,15.045252608
85000,1,1,4914.771462202043,15.053397373830448,15.0538486294375
90000,1,1,8103.087741126798,15.06291223683356,15.063412794
95000,1,1,13359.731945023568,15.073432404123128,15.0739841748125
100000,1,1,22026.471643959314,15.084995195567092,15.0856
105000,1,1,36315.506919566746,15.097636107408308,15.0982956751875
110000,1,1,59874.13753432234,15.111388834764568,15.112104806
115000,1,1,98715.74178056703,15.126285294128596,15.1270592205625
120000,1,1,162754.69878291455,15.142355645868045,15.143188992
125000,1,1,268337.04739171045,15.159628316725513,15.1605224609375
130000,1,1,442412.8305139752,15.178130022318545,15.179086258
135000,1,1,729415.1252339106,15.197885789639635,15.1989053263125
140000,1,1,1202601.6273613984,15.218918979556237,15.220002944
145000,1,1,1982753.7469618006,15.241251309310776,15.2424007466875
150000,1,1,3269006.1561838533,15.264902875020649,15.26611875
155000,1,1,5389676.045360719,15.289892174178245,15.2911753720625
160000,1,1,8886066.281601686,15.31623612815094,15.317587456
165000,1,1,14650633.152472196,15.343950104681118,15.3453702924375
170000,1,1,24154786.17671175,15.373047940386169,15.374537642
175000,1,1,39824465.44637173,15.403541963258517,15.4051017578125
180000,1,1,65659363.09535783,15.43544301516561,15.437073408
185000,1,1,108253843.73556803,15.468760474349947,15.4704618981875
190000,1,1,178480154.57565624,15.503502277929073,15.505275094
195000,1,1,294263560.6646188,15.539674944395603,15.5415194435625
200000,1,1,485157758.34976244,15.577283596117216,15.5792
205000,1,1,799888431.5000887,15.61633198183668,15.618320443937499
210000,1,1,1318790434.412652,15.656822499171845,15.658883106
215000,1,1,2174313171.852256,15.698756217115669,15.7008889893125
220000,1,1,3584828122.1156616,15.742132898536216,15.744337792
225000,1,1,5910367838.528728,15.786951022676655,15.7892279296875
230000,1,1,9744523593.75755,15.833207807655288,15.835556558
235000,1,1,16065958463.564053,15.880899232965534,15.883319595062499
240000,1,1,26488208879.92402,15.930020061975961,15.932511744
245000,1,1,43671536162.25515,15.980563864430255,15.9831265154375
250000,1,1,72001951203.98213,16.032523038947264,16.03515625
255000,1,1,118710731878.89334,16.085888835520972,16.0885921408125
260000,1,1,195720184842.97464,16.140651378020515,16.143424256
265000,1,1,322686776373.34064,16.19679968669018,16.1996415611875
270000,1,1,532018378482.02167,16.254321700649413,16.257231942
275000,1,1,877146258987.9043,16.3132043003928,16.3161822265625
280000,1,1,1446163211039.1633,16.373433330290094,16.376478208
285000,1,1,2384308870544.8555,16.43499362108619,16.438104666937498
290000,1,1,3931041525419.9663,16.497869012401154,16.501045394
295000,1,1,6481158737497.448,16.562042375230167,16.5652832123125
300000,1,1,10685567589543.045,16.627495634443584,16.6308
305000,1,1,17617425438718.375,16.69420979128688,16.6975767126875
310000,1,1,29046057859981.344,16.76216494588068,16.765593406
315000,1,1,47888569376439.74,16.831340319720738,16.8348292580625
320000,1,1,78954418140956.75,16.901714278177913,16.905262592
325000,1,1,130173002165182.97,16.97326435299822,16.9768708984375
330000,1,1,214617590192242.4,17.04596726480274,17.049630858
335000,1,1,353842193013785.75,17.11979894558769,17.1235183638125
340000,1,1,583383084155534,17.194734561224358,17.198508544
345000,1,1,961829201923208,17.270748533959136,17.2745757841875
350000,1,1,1585776570003431.5,17.347814564913467,17.35169375
355000,1,1,2614483764958979,17.42590565658389,17.4298354095625
360000,1,1,4310521507081150.5,17.50499413534197,17.508973056000002
365000,1,1,7106791920358086,17.585051673934338,17.5890783299375
370000,1,1,11717023503256658,17.66604931398265,17.670122241999998
375000,1,1,19317944846973228,17.747957488483582,17.7520751953125
380000,1,1,31849635310486140,17.830746044308814,17.834907008000002
385000,1,1,52510714652590584,17.914384264705056,17.9185869356875
390000,1,1,86574764675442350,17.998840891793986,18.003083694
395000,1,1,142736366627245470,18.084084149072247,18.0883654810625
400000,1,1,235330320261948640,18.170081763911476,18.1744
405000,1,1,387990476696560500,18.256800990058252,18.2611544814375
410000,1,1,639682075289546900,18.34420863013411,18.348595706
415000,1,1,1054647273019439400,18.43227105813548,18.4366900268125
420000,1,1,1738802386325077500,18.520954241933765,18.525403392
425000,1,1,286677206631683e4,18.610223765775253,18.6147013671875
430000,1,1,4726460656825913e3,18.70004485278114,18.704549158
435000,1,1,779253711945471e4,18.790382387447515,18.7949116325625
440000,1,1,12847589884386861e3,18.881200938145344,18.885753344
445000,1,1,21181875261492888e3,18.972464779620474,18.9770385529375
450000,1,1,34922643167306346e3,19.06413791549362,19.06873125
455000,1,1,5757709778010987e4,19.156184100760356,19.1607951783125
460000,1,1,9492757781631938e4,19.2485668642911,19.253193856
465000,1,1,15650744418119464e4,19.341249531331115,19.3458905986875
470000,1,1,25803437865354648e4,19.43419524600051,19.438848542
475000,1,1,4254221739048336e5,19.527366993794214,19.5320306640625
480000,1,1,7013949802619153e5,19.62072762408201,19.625399807999997
485000,1,1,1156392241341028e6,19.714239872608484,19.7189187044375
490000,1,1,19065476904274187e5,19.807866383993034,19.812549994
495000,1,1,31433313888592105e5,19.9015697342299,19.9062562498125
500000,1,1,5182420656860971e6,19.99531245318813,20
505000,1,1,8544273734812145e6,20.089057047111574,20.0937437501875
510000,1,1,14086971939660814e6,20.182766021118926,20.187450006
515000,1,1,23225236889173292e6,20.276401901703665,20.2810812955625
520000,1,1,3829152535844083e7,20.36992725923409,20.374600192000003
525000,1,1,6313136740149169e7,20.46330473045334,20.4679693359375
530000,1,1,10408490362597378e7,20.55649704097936,20.561151458
535000,1,1,17160514905139828e7,20.649467027804913,20.6541094013125
540000,1,1,282926033928585e9,20.742177661797594,20.746806144
545000,1,1,46646121382346476e7,20.834592070199832,20.8392048216875
550000,1,1,7690564127431075e8,20.926673559128893,20.93126875
555000,1,1,1267946399015545e9,21.018385636076886,21.0229614470625
560000,1,1,20904685170521834e8,21.10969203241077,21.114246656
565000,1,1,34465645152356487e8,21.200556725872364,21.2050883674375
570000,1,1,5682366478757552e9,21.29094396307834,21.295450842
575000,1,1,9368544367525006e9,21.380818282020265,21.385298632812496
580000,1,1,1544596508360596e10,21.470144534564557,21.474596608
585000,1,1,25465841783723114e9,21.55888790895255,21.5633099731875
590000,1,1,4198566952980585e10,21.64701395230047,21.651404294
595000,1,1,6922200783192292e10,21.734488593099446,21.7388455185625
600000,1,1,11412672785934116e10,21.82127816371554,21.8256
605000,1,1,1881614308054057e11,21.907349422889745,21.911634518937497
610000,1,1,3102229460767769e11,21.992669578237983,21.996916306000003
615000,1,1,5114666263665854e11,22.077206308751144,22.0814130643125
620000,1,1,8432585607184519e11,22.16092778729507,22.165092991999998
625000,1,1,13902864586529266e11,22.243802703110585,22.2479248046875
630000,1,1,22921757091323206e11,22.325800284313495,22.329877758000002
635000,1,1,3779127972927765e12,22.406890320394616,22.4109216700625
640000,1,1,6230678954863554e12,22.487043184719766,22.491026943999998
645000,1,1,10272572916958244e12,22.56622985702978,22.5701645904375
650000,1,1,16936480894951417e12,22.64442194594052,22.64830625
655000,1,1,2792332983754724e13,22.7215917114429,22.7254242158125
660000,1,1,46037456728317266e12,22.797712087402903,22.801491456
665000,1,1,7590240364999146e13,22.872756704061548,22.8764816361875
670000,1,1,12514105837051802e13,22.94669991053493,22.950369142
675000,1,1,20632136776586776e13,23.019516797314242,23.0231291015625
680000,1,1,3401642606166037e14,23.09118321876576,23.094737408
685000,1,1,56083259702753915e13,23.161675815630858,23.1651707419375
690000,1,1,9246511277285767e14,23.230972037526016,23.234406594
695000,1,1,1524483228181451e15,23.299050165442846,23.3024232873125
700000,1,1,25134340142434438e14,23.36588933424807,23.3692
705000,1,1,41439300546322867e14,23.431469555183543,23.4347167876875
710000,1,1,6832150654668714e15,23.49577173836625,23.498954605999998
715000,1,1,11264256782366663e15,23.558777715288326,23.5618953330625
720000,1,1,18571532334570322e15,23.620470261317024,23.623521792
725000,1,1,30619142465168195e15,23.68083311819478,23.683817773437497
730000,1,1,5048221423301145e16,23.73985101653917,23.742768057999996
735000,1,1,8323075864646645e16,23.797509698342896,23.800358438812502
740000,1,1,13722378573335665e16,23.853795939473848,23.856575743999997
745000,1,1,2262429331838031e17,23.908697572175047,23.911407859187495
750000,1,1,3730102204480664e17,23.962203507564674,23.96484375
755000,1,1,61498782852011055e16,24.01430375813607,24.016873484562502
760000,1,1,10139403095767943e17,24.064989460257713,24.067488256
765000,1,1,1671699967682752e18,24.114252896673232,24.116680404937497
770000,1,1,2756159551204157e18,24.1620875190014,24.164443442000003
775000,1,1,45441268758474705e17,24.20848797023615,24.2107720703125
780000,1,1,7491980080868285e18,24.253450107246508,24.255662208000004
785000,1,1,12352158297757743e18,24.296971023276658,24.2991110106875
790000,1,1,2036522206384605e19,24.33904907044591,24.341116894000002
795000,1,1,33576507209685033e18,24.37968388224867,24.381679556062494
800000,1,1,5535819808684383e19,24.418876396054458,24.4208
805000,1,1,9127008074691102e19,24.45662887560793,24.458480556437504
810000,1,1,15047868290639065e19,24.49294493352876,24.494724905999995
815000,1,1,24809704052337754e19,24.52782955381179,24.529538101812506
820000,1,1,40904231586354385e19,24.561289114326865,24.562926592000004
825000,1,1,6743959354420673e20,24.59333140931894,24.5948982421875
830000,1,1,11118896749737724e20,24.623965671908007,24.625462358000004
835000,1,1,18331942913030354e20,24.653202596589107,24.654629707562503
840000,1,1,3022423643058201e21,24.68105436173232,24.682412543999995
845000,1,1,4983130030051842e21,24.707534652082746,24.708824627937496
850000,1,1,8215786410817991e21,24.732658681260496,24.733881249999992
855000,1,1,13545532904887824e21,24.75644321426068,24.757599253312495
860000,1,1,2233279527762994e22,24.778906589953436,24.779997055999996
865000,1,1,36820535826324604e21,24.80006874358385,24.8010946736875
870000,1,1,6070677371285615e22,24.819951229272018,24.820913741999995
875000,1,1,10008851067928145e22,24.838577242512994,24.8394775390625
880000,1,1,16501800248074915e22,24.8559716426768,24.856811008000005
885000,1,1,2720686152222723e23,24.87216097550837,24.872940779437506
890000,1,1,4485652092865108e23,24.887173495627632,24.887895194
895000,1,1,7395588613733634e23,24.901039189029444,24.9017043248125
900000,1,1,12193262389246922e23,24.913789795583604,24.914399999999997
905000,1,1,2010328866039963e24,24.925458831534844,24.9260158251875
910000,1,1,3314471659762573e24,24.9360816120028,24.936587206000002
915000,1,1,5464639574937508e24,24.945695273482063,24.946151370562497
920000,1,1,900966711081974e25,24.95433879634211,24.954747391999998
925000,1,1,14854429461678417e24,24.962053027327386,24.96241621093751
930000,1,1,2449081361204669e25,24.968880702057252,24.969200658
935000,1,1,40378525587413233e24,24.97486646752597,24.9751454763125
940000,1,1,6657293510756477e25,24.98005690460275,24.980297344000007
945000,1,1,10976021701719422e25,24.984500550531717,24.98470489668751
950000,1,1,18096401041298295e25,24.988247921431963,24.98841874999999
955000,1,1,2983592246056164e26,24.991351534797467,24.9914915220625
960000,1,1,4919112210138433e26,24.993865931997192,24.993977856
965000,1,1,8110245297777711e26,24.995847700775077,24.99593444243749
970000,1,1,13371534580622454e26,24.99735549774994,24.997420041999995
975000,1,1,22045934550327772e26,24.998450070915645,24.998495507812493
980000,1,1,3634760306176452e27,24.999194282140984,24.999223807999986
985000,1,1,5992706928251004e27,24.999653129669728,24.999670048187504
990000,1,1,9880303885462609e27,24.999893770620645,24.999901493999996
995000,1,1,16289867992664247e27,24.99998554348751,24.999987593562487
1000000,1,1,2685745322094485e28,24.999999990597107,25
