time,species,patch,n,m,Tenv
0,1,1,1,15,15
5000,1,1,0.6703199876531913,15.000000061877417,15.0000124064375
10000,1,1,0.44932894633145537,15.00000098017247,15.000098506
15000,1,1,0.30119421343928554,15.000004912582684,15.0003299518125
20000,1,1,0.2018965438225902,15.000015370967947,15.000776192
25000,1,1,0.1353353164985546,15.000037151095682,15.0015044921875
30000,1,1,0.09071799320779164,15.000076264225205,15.002579958
35000,1,1,0.060810102444714714,15.000139870490914,15.0040655575625
40000,1,1,0.04076224576007808,15.000236214049,15.006022144
45000,1,1,0.02732376077264527,15.0003745599511,15.0085084779375
50000,1,1,0.018315677518822307,15.000565132709596,15.01158125
55000,1,1,0.012277377093626569,15.000819056517905,15.0152951033125
60000,1,1,0.00822978006171718,15.00114829709071,15.019702656
65000,1,1,0.005516596637860809,15.001565605088073,15.0248545236875
70000,1,1,0.0036978922666370323,15.00208446108664,15.030799342
75000,1,1,0.002478780128750229,15.00271902206411,15.0375837890625
80000,1,1,0.0016615821877438504,15.003484069357734,15.045252608
85000,1,1,0.001113798673129068,15.00439495806524,15.0538486294375
90000,1,1,7.466055313009209e-4,15.005467567846429,15.063412794
95000,1,1,5.004716977367686e-4,15.006718255099438,15.0739841748125
100000,1,1,3.35480160451034e-4,15.008163806460756,15.0856
105000,1,1,2.2488341295866e-4,15.00982139361705,15.0982956751875
110000,1,1,1.5074875311807477e-4,15.011708529369693,15.112104806
115000,1,1,1.0105236612656973e-4,15.013843024931754,15.1270592205625
120000,1,1,6.774079428303324e-5,15.01624294843812,15.143188992
125000,1,1,4.541368209712676e-5,15.018926584605602,15.1605224609375
130000,1,1,3.0444861964853554e-5,15.021912395519102,15.179086258
135000,1,1,2.0409641646394577e-5,15.025218982570193,15.1989053263125
140000,1,1,1.3684458709059746e-5,15.02886504945198,15.220002944
