time,species,patch,n,m,Tenv
0,1,1,1,15,15
5000,1,1,0.9999999999966072,15.0000012983459,15.0000124064375
10000,1,1,0.9999999998399065,15.000011958078904,15.000098506
15000,1,1,0.9999999977816793,15.00005445600093,15.0003299518125
20000,1,1,0.9999999850691295,15.0001623916439,15.000776192
25000,1,1,0.999999936644664,15.000376515411592,15.0015044921875
30000,1,1,0.9999997977578031,15.00074309029679,15.002579958
35000,1,1,0.9999994687862549,15.001312329329712,15.0040655575625
40000,1,1,0.9999987811311768,15.002137388848867,15.006022144
45000,1,1,0.9999974818633482,15.003272809909992,15.0085084779375
50000,1,1,0.9999952148476531,15.004773589950867,15.01158125
55000,1,1,0.9999915042453114,15.006694927153019,15.0152951033125
60000,1,1,0.9999857364740633,15.009091717430017,15.019702656
65000,1,1,0.9999771452011214,15.0120181151199,15.0248545236875
70000,1,1,0.9999647985399568,15.015527229247905,15.030799342
75000,1,1,0.9999475896966384,15.01967095247985,15.0375837890625
80000,1,1,0.9999242280139286,15.024499806609475,15.045252608
85000,1,1,0.9998932318930787,15.03006280490728,15.0538486294375
90000,1,1,0.9998529240353019,15.03640736114945,15.063412794
95000,1,1,0.9998014287905147,15.043579227451449,15.0739841748125
100000,1,1,0.9997366712188143,15.051622451835867,15.0856
105000,1,1,0.9996563777356275,15.060579348627698,15.0982956751875
110000,1,1,0.9995580783154344,15.070490479087907,15.112104806
115000,1,1,0.9994391102174321,15.081394641020367,15.1270592205625
120000,1,1,0.99929662314598,15.093328865920935,15.143188992
125000,1,1,0.9991275857391081,15.106328422006358,15.1605224609375
130000,1,1,0.9989287932895089,15.120426821655943,15.179086258
135000,1,1,0.9986968766186729,15.135655832208666,15.1989053263125
140000,1,1,0.9984283120315122,15.152045489401175,15.220002944
145000,1,1,0.9981194314646142,15.169624111705469,15.2424007466875
150000,1,1,0.9977664352411596,15.188418318941961,15.26611875
155000,1,1,0.9973654061574523,15.208453053402971,15.2911753720625
160000,1,1,0.9969123222656722,15.229751597238169,15.317587456
165000,1,1,0.9964030696654367,15.252335590654623,15.3453702924375
170000,1,1,0.9958334575054244,15.276225053653953,15.374537642
175000,1,1,0.9951992343994683,15.301438409437663,15.4051017578125
180000,1,1,0.9944961048236569,15.327992506926833,15.437073408
185000,1,1,0.993719745291229,15.355902642435902,15.4704618981875
190000,1,1,0.99286582089804,15.38518258184396,15.505275094
195000,1,1,0.9919300025153396,15.415844583714508,15.5415194435625
200000,1,1,0.9909079843640932,15.447899422761566,15.5792
205000,1,1,0.9897955016421363,15.481356413130595,15.618320443937499
210000,1,1,0.9885883481256862,15.516223431566525,15.658883106
215000,1,1,0.9872823937987097,15.552506940749888,15.7008889893125
220000,1,1,0.9858736024875093,15.590212012845189,15.744337792
225000,1,1,0.9843580493794447,15.629342353104063,15.7892279296875
230000,1,1,0.9827319383043861,15.6699003234166,15.835556558
235000,1,1,0.980991618707266,15.711886965836081,15.883319595062499
240000,1,1,0.9791336022591064,15.755302026129012,15.932511744
245000,1,1,0.9771545790358247,15.800143977343806,15.9831265154375
250000,1,1,0.9750514331774772,15.846410043355219,16.03515625
255000,1,1,0.9728212579441892,15.894096222360393,16.0885921408125
260000,1,1,0.9704613701014703,15.94319731033048,16.143424256
265000,1,1,0.9679693235630613,15.993706924422991,16.1996415611875
270000,1,1,0.9653429222230631,16.045617526347193,16.257231942
275000,1,1,0.96258023190892406,16.09892044566924,16.3161822265625
280000,1,1,0.9596795913911313,16.153605903049318,16.376478208
285000,1,1,0.9566396223906067,16.209663033408933,16.438104666937498
290000,1,1,0.9534592385294065,16.2670799090264,16.501045394
295000,1,1,0.9501376531746666,16.32584356255588,16.5652832123125
300000,1,1,0.94667438613079,16.38594000996505,16.6308
305000,1,1,0.9430692691408137,16.447354273388004,16.6975767126875
310000,1,1,0.9393224501642893,16.510070403891753,16.765593406
315000,1,1,0.9354343964055437,16.57407150415447,16.8348292580625
320000,1,1,0.9314058960729044,16.63933975105372,16.905262592
325000,1,1,0.9272380588565142,16.70585641816295,16.9768708984375
330000,1,1,0.9229323151196772,16.773601898155523,17.049630858
335000,1,1,0.9184904138061216,16.84255572511602,17.1235183638125
340000,1,1,0.9139144190730386,16.9126965967588,17.198508544
345000,1,1,0.9092067056677959,16.984002396554203,17.2745757841875
350000,1,1,0.9043699530722281,17.056450215763252,17.35169375
355000,1,1,0.8994071384428143,17.130016375382535,17.4298354095625
360000,1,1,0.8943215283967775,17.20467644799949,17.508973056000002
365000,1,1,0.8891166696804665,17.280405279561517,17.5890783299375
370000,1,1,0.8837963787744547,17.357177011061143,17.670122241999998
375000,1,1,0.8783647304944172,17.434965100139838,17.7520751953125
380000,1,1,0.8728260456529012,17.5137423426137,17.834907008000002
385000,1,1,0.8671848778513346,17.5934808939246,17.9185869356875
390000,1,1,0.8614459994758957,17.674152290520908,18.003083694
395000,1,1,0.8556143869752587,17.755727471172133,18.0883654810625
400000,1,1,0.84969520550198,17.838176798222143,18.1744
405000,1,1,0.8436937930020686,17.921470078786037,18.2611544814375
410000,1,1,0.8376156438392308,18.005576585895962,18.348595706
415000,1,1,0.831466392041677,18.09046507960167,18.4366900268125
420000,1,1,0.8252517942602118,18.176103828031753,18.525403392
425000,1,1,0.8189777125264698,18.26246062842173,18.6147013671875
430000,1,1,0.8126500968995743,18.34950282811564,18.704549158
435000,1,1,0.806274968088227,18.437197345547613,18.7949116325625
440000,1,1,0.7998584001333588,18.525510691210588,18.885753344
445000,1,1,0.7934065032339289,18.614408988619093,18.9770385529375
450000,1,1,0.7869254067956213,18.703857995273324,19.06873125
455000,1,1,0.7804212427791731,18.793823123631928,19.1607951783125
460000,1,1,0.7739001294188945,18.884269462100683,19.253193856
465000,1,1,0.7673681553800481,18.975161796044695,19.3458905986875
470000,1,1,0.7608313644177315,19.066464628831394,19.438848542
475000,1,1,0.7542957405948465,19.1581422029117,19.5320306640625
480000,1,1,0.7477671941112187,19.250158520946666,19.625399807999997
485000,1,1,0.7412515477903999,19.342477366986625,19.7189187044375
490000,1,1,0.7347545242649773,19.43506232770989,19.812549994
495000,1,1,0.7282817338953299,19.52787681372769,19.9062562498125
500000,1,1,0.7218386634508297,19.62088408096185,20
505000,1,1,0.7154306655766011,19.714047252101334,20.0937437501875
510000,1,1,0.7090629490631594,19.80732933814352,20.187450006
515000,1,1,0.70274056993058,19.900693260025594,20.2810812955625
520000,1,1,0.6964684233333268,19.994101870351106,20.374600192000003
525000,1,1,0.690251236286551,20.08751797521624,20.4679693359375
530000,1,1,0.6840935612096134,20.18090435613979,20.561151458
535000,1,1,0.6779997702777943,20.274223792100404,20.6541094013125
540000,1,1,0.6719740505686961,20.36743908168402,20.746806144
545000,1,1,0.6660203999854887,20.460513065343942,20.8392048216875
550000,1,1,0.6601426239358549,20.553408647775207,20.93126875
555000,1,1,0.6543443327430603,20.646088820404266,21.0229614470625
560000,1,1,0.6486289397575183,20.73851668399496,21.114246656
565000,1,1,0.6429996601415584,20.830655471370154,21.2050883674375
570000,1,1,0.6374595102938937,20.92246857024838,21.295450842
575000,1,1,0.6320113078788986,21.01391954619402,21.385298632812496
580000,1,1,0.626657672424143,21.10497216567897,21.474596608
585000,1,1,0.6214010264488217,21.195590419253058,21.5633099731875
590000,1,1,0.616243597085039,21.285738544819786,21.651404294
595000,1,1,0.6111874181533518,21.37538105101344,21.7388455185625
600000,1,1,0.6062343326537316,21.464482740673088,21.8256
605000,1,1,0.6013859956333023,21.553008734408234,21.911634518937497
610000,1,1,0.5966438773927338,21.640924494250683,21.996916306000003
615000,1,1,0.5920092669939282,21.728195847386356,22.0814130643125
620000,1,1,0.5874832760325854,21.814789009960638,22.165092991999998
625000,1,1,0.5830668426404119,21.90067061095021,22.2479248046875
630000,1,1,0.5787607356831277,21.985807716094175,22.329877758000002
635000,1,1,0.5745655591220061,22.070167851876764,22.4109216700625
640000,1,1,0.5704817565083953,22.15371902955383,22.491026943999998
645000,1,1,0.5665096155824921,22.236429769215068,22.5701645904375
650000,1,1,0.5626492729496225,22.318269123873687,22.64830625
655000,1,1,0.5589007188093615,22.399206703575373,22.7254242158125
660000,1,1,0.5552638017146135,22.47921269951782,22.801491456
665000,1,1,0.5517382333403574,22.55825790817276,22.8764816361875
670000,1,1,0.5483235932436686,22.636313755402142,22.950369142
675000,1,1,0.5450193335988297,22.713352320560237,23.0231291015625
680000,1,1,0.5418247838934986,22.789346360573457,23.094737408
685000,1,1,0.538739155574058,22.864269333990176,23.1651707419375
690000,1,1,0.5357615466303781,22.93809542499288,23.234406594
695000,1,1,0.5328909461122694,23.010799567365254,23.3024232873125
700000,1,1,0.5301262385718776,23.082357468407267,23.3692
705000,1,1,0.5274662084281863,23.152745632791508,23.4347167876875
710000,1,1,0.5249095442516265,23.22194138635448,23.498954605999998
715000,1,1,0.5224548429685254,23.289922899817032,23.5618953330625
720000,1,1,0.520100613986764,23.356669212428468,23.623521792
725000,1,1,0.5178452832455326,23.422160255529306,23.683817773437497
730000,1,1,0.5156871971934855,23.486376876028316,23.742768057999996
735000,1,1,0.5136246267008826,23.549300859789714,23.800358438812502
740000,1,1,0.5116557709124658,23.610914954927136,23.856575743999997
745000,1,1,0.5097787610489621,23.671202895001393,23.911407859187495
750000,1,1,0.5079916641657151,23.730149422119588,23.96484375
755000,1,1,0.5062924868770647,23.78774030993299,24.016873484562502
760000,1,1,0.5046791790586601,23.843962386534084,24.067488256
765000,1,1,0.5031496375363136,23.898803557250343,24.116680404937497
770000,1,1,0.5017017097725035,23.95225282733475,24.164443442000003
775000,1,1,0.5003331975614926,24.00430032455336,24.2107720703125
780000,1,1,0.49904186074410617,24.054937321670863,24.255662208000004
785000,1,1,0.4978254209528588,24.10415625883525,24.2991110106875
790000,1,1,0.4966815653977076,24.151950765863287,24.341116894000002
795000,1,1,0.495607950702258,24.198315684429033,24.381679556062494
800000,1,1,0.49460220679965355,24.243247090158132,24.4208
805000,1,1,0.4936619408965493,24.28674231463114,24.458480556437504
810000,1,1,0.4927847415125499,24.328799967299485,24.494724905999995
815000,1,1,0.491968182601333,24.36941995731817,24.529538101812506
820000,1,1,0.49120982775838257,24.408603515299728,24.562926592000004
825000,1,1,0.4905072345188118,24.446353214994392,24.5948982421875
830000,1,1,0.4898579587471413,24.482672994901804,24.625462358000004
835000,1,1,0.4892595591191465,24.517568179819992,24.654629707562503
840000,1,1,0.48870960169399486,24.551045502337725,24.682412543999995
845000,1,1,0.48820566457298853,24.58311312427666,24.708824627937496
850000,1,1,0.4877453426388107,24.613780658090047,24.733881249999992
855000,1,1,0.4873262523663765,24.64305918822478,24.757599253312495
860000,1,1,0.486946036696934,24.67096129245493,24.779997055999996
865000,1,1,0.48660236996048983,24.697501063193588,24.8010946736875
870000,1,1,0.48629296283151374,24.722694128791066,24.820913741999995
875000,1,1,0.4860155672999908,24.746557674827532,24.8394775390625
880000,1,1,0.4857679816373507,24.76911046540834,24.856811008000005
885000,1,1,0.4855480553339719,24.79037286447034,24.872940779437506
890000,1,1,0.485353693982243,24.810366857107603,24.887895194
895000,1,1,0.4851828640765908,24.829116070924922,24.9017043248125
900000,1,1,0.48503359769933163,24.84664579742764,24.914399999999997
905000,1,1,0.48490399705861154,24.862983013456205,24.9260158251875
910000,1,1,0.4847922388421392,24.87815640267364,24.936587206000002
915000,1,1,0.4846965783479473,24.89219637711408,24.946151370562497
920000,1,1,0.48461535335106015,24.905135098800134,24.954747391999998
925000,1,1,0.4845469876626745,24.917006501436525,24.96241621093751
930000,1,1,0.48448999433629736,24.927846312187018,24.969200658
935000,1,1,0.4844429784732185,24.937692073541154,24.9751454763125
940000,1,1,0.4844046395777689,24.946583165276518,24.980297344000007
945000,1,1,0.48437377341081145,24.95456082652163,24.98470489668751
950000,1,1,0.48434927328871846,24.96166817792358,24.98841874999999
955000,1,1,0.48433013077459397,24.967950243923735,24.9914915220625
960000,1,1,0.4843154357020387,24.973453975142853,24.993977856
965000,1,1,0.4843043754773054,24.978228270876706,24.99593444243749
970000,1,1,0.48429623360071844,24.982324001701063,24.997420041999995
975000,1,1,0.48429038734757657,24.98579403218341,24.998495507812493
980000,1,1,0.48428630454755467,24.988693243696684,24.999223807999986
985000,1,1,0.48428353940091723,24.99107855732843,24.999670048187504
990000,1,1,0.48428172726901475,24.9930089568763,24.999901493999996
995000,1,1,0.48428057837546107,24.994545511918353,24.999987593562487
1000000,1,1,0.4842798703584304,24.9957513828298,25
