time,species,patch,n,m,Tenv
0,1,1,1,15,15
5000,1,1,1.0025031277086558,15.000012396627474,15.0000124064375
10000,1,1,1.005012520944909,15.000098446105678,15.000098506
15000,1,1,1.0075281955272497,15.000329820362595,15.0003299518125
20000,1,1,1.010050167170271,15.0007759455837,15.000776192
25000,1,1,1.012578451630002,15.00150413522626,15.0015044921875
30000,1,1,1.0151130647076099,15.00257945479543,15.002579958
35000,1,1,1.0176540222410169,15.004064876923094,15.0040655575625
40000,1,1,1.0202013401145373,15.006021263787545,15.006022144
45000,1,1,1.0227550342511706,15.00850737546846,15.0085084779375
50000,1,1,1.0253151206113267,15.01157990312093,15.01158125
55000,1,1,1.0278816151945929,15.015293490680236,15.0152951033125
60000,1,1,1.0304545340410465,15.01970075707168,15.019702656
65000,1,1,1.0330338932314265,15.02485231871278,15.0248545236875
70000,1,1,1.035619708886873,15.030796811849719,15.030799342
75000,1,1,1.0382119971687982,15.037580915824025,15.0375837890625
80000,1,1,1.0408107742789787,15.045249372112059,15.045252608
85000,1,1,1.0434160564597261,15.05384501777881,15.0538486294375
90000,1,1,1.0460278599940374,15.063408793025022,15.063412794
95000,1,1,1.0486462012056594,15.073979761357768,15.0739841748125
100000,1,1,1.0512710964591891,15.085595161342434,15.0856
105000,1,1,1.0539025621602225,15.098290407755178,15.0982956751875
110000,1,1,1.0565406147553884,15.112099083952817,15.112104806
115000,1,1,1.0591852707324407,15.127053036877237,15.1270592205625
120000,1,1,1.061836546620512,15.143182334688996,15.143188992
125000,1,1,1.0644944589900156,15.160515319141828,15.1605224609375
130000,1,1,1.0671590244528764,15.179078621451193,15.179086258
135000,1,1,1.069830259662591,15.198897185414694,15.1989053263125
140000,1,1,1.072508181314335,15.21999428981645,15.220002944
145000,1,1,1.0751928061450733,15.242391570930629,15.2424007466875
150000,1,1,1.0778841509336667,15.266109044860102,15.26611875
155000,1,1,1.0805822325009793,15.291165130803122,15.2911753720625
160000,1,1,1.0832870677099642,15.317576670092768,15.317587456
165000,1,1,1.0859986734657952,15.345358959650737,15.3453702924375
170000,1,1,1.0887170667159847,15.374525759534494,15.374537642
175000,1,1,1.0914422644504416,15.405089313107824,15.4051017578125
180000,1,1,1.0941742837015822,15.43706039879283,15.437073408
185000,1,1,1.0969131415445015,15.47044833122239,15.4704618981875
190000,1,1,1.099658855097008,15.505260953610037,15.505275094
195000,1,1,1.1024114415197122,15.541504732754376,15.5415194435625
200000,1,1,1.1051709180163067,15.579184716672676,15.5792
205000,1,1,1.1079373018334389,15.61830458697539,15.618320443937499
210000,1,1,1.1107106102609574,15.658866674734691,15.658883106
215000,1,1,1.1134908606319918,15.700871983604907,15.7008889893125
220000,1,1,1.1162780703230604,15.744320212226866,15.744337792
225000,1,1,1.1190722567541775,15.78920977673145,15.7892279296875
230000,1,1,1.1218734373889812,15.835537833078256,15.835556558
235000,1,1,1.124681629734805,15.883300300322249,15.883319595062499
240000,1,1,1.127496851342785,15.932491879653222,15.932511744
245000,1,1,1.1303191198080067,15.983106087849585,15.9831265154375
250000,1,1,1.1331484527696265,16.035135264825527,16.03515625
255000,1,1,1.1359848679109432,16.088570593801553,16.0885921408125
260000,1,1,1.1388283829595027,16.14340215305647,16.143424256
265000,1,1,1.141679015687253,16.199618917079878,16.1996415611875
270000,1,1,1.1445367839106129,16.25720874894203,16.257231942
275000,1,1,1.1474017054905667,16.31615849529824,16.3161822265625
280000,1,1,1.1502737983329068,16.376453944022504,16.376478208
285000,1,1,1.1531530803881613,16.43807987658198,16.438104666937498
290000,1,1,1.1560395696518193,16.501020083905573,16.501045394
295000,1,1,1.1589332841644178,16.565257389504303,16.5652832123125
300000,1,1,1.161834242011656,16.63077367187574,16.6308
305000,1,1,1.1647424613245076,16.697549887007465,16.6975767126875
310000,1,1,1.1676579602793313,16.765566090715794,16.765593406
315000,1,1,1.1705807570979896,16.834801461912416,16.8348292580625
320000,1,1,1.1735108700479444,16.905234321643835,16.905262592
325000,1,1,1.1764483174424067,16.976842166525202,16.9768708984375
330000,1,1,1.1793931176404426,17.04960167295881,17.049630858
335000,1,1,1.1823452890470625,17.123488734912055,17.1235183638125
340000,1,1,1.1853048501133379,17.19847848127244,17.198508544
345000,1,1,1.1882718193365271,17.274545297964732,17.2745757841875
350000,1,1,1.1912462152602012,17.3516628509084,17.35169375
355000,1,1,1.1942280564743577,17.429804108496032,17.4298354095625
360000,1,1,1.1972173616155275,17.50894136411746,17.508973056000002
365000,1,1,1.2002141493668925,17.58904625865299,17.5890783299375
370000,1,1,1.2032184384584033,17.670089802973855,17.670122241999998
375000,1,1,1.206230247666899,17.752042400442395,17.7520751953125
380000,1,1,1.2092495958162233,17.834873869411968,17.834907008000002
385000,1,1,1.212276501777342,17.918553465726976,17.9185869356875
390000,1,1,1.2153109844684598,18.00304990522287,18.003083694
395000,1,1,1.2183530628551393,18.088331386226148,18.0883654810625
400000,1,1,1.2214027559504192,18.17436561205435,18.1744
405000,1,1,1.2244600828149341,18.261119813516068,18.2611544814375
410000,1,1,1.2275250625570335,18.348560771410924,18.348595706
415000,1,1,1.2305977143328986,18.4366548390296,18.4366900268125
420000,1,1,1.2336780573466655,18.525367964653807,18.525403392
425000,1,1,1.2367661108505428,18.614665714056315,18.6147013671875
430000,1,1,1.2398618941449335,18.704513293000932,18.704549158
435000,1,1,1.2429654265785532,18.79487556974252,18.7949116325625
440000,1,1,1.2460767275485538,18.88571709752697,18.885753344
445000,1,1,1.2491958165006418,18.97700213709123,18.9770385529375
450000,1,1,1.2523227129292027,19.068694679163286,19.06873125
455000,1,1,1.2554574363774198,19.16075846696217,19.1607951783125
460000,1,1,1.2586000064373986,19.253157018697962,19.253193856
465000,1,1,1.2617504427502872,19.345853650071785,19.3458905986875
470000,1,1,1.2649087650064006,19.43881149677581,19.438848542
475000,1,1,1.2680749929453423,19.531993536993244,19.5320306640625
480000,1,1,1.2712491463561288,19.62536261389835,19.625399807999997
485000,1,1,1.2744312450773119,19.71888145815642,19.7189187044375
490000,1,1,1.2776213089971031,19.812512710423814,19.812549994
495000,1,1,1.2808193580534983,19.906218943847914,19.9062562498125
500000,1,1,1.2840254122344017,19.999962686567162,20
505000,1,1,1.2872394915777496,20.09370644421103,20.0937437501875
510000,1,1,1.2904616161716376,20.18741272240006,20.187450006
515000,1,1,1.2936918061544442,20.28104404924581,20.2810812955625
520000,1,1,1.2969300817149576,20.3745629978509,20.374600192000003
525000,1,1,1.3001764630925015,20.467932208808982,20.4679693359375
530000,1,1,1.3034309705770604,20.561114412704775,20.561151458
535000,1,1,1.306693624509408,20.654072452614027,20.6541094013125
540000,1,1,1.3099644452812322,20.74676930660352,20.746806144
545000,1,1,1.3132434533352648,20.839168110231107,20.8392048216875
550000,1,1,1.3165306691654064,20.93123217904566,20.93126875
555000,1,1,1.3198261133168567,21.02292503108712,21.0229614470625
560000,1,1,1.3231298063862411,21.11421040938646,21.114246656
565000,1,1,1.3264417690217396,21.205052304465685,21.2050883674375
570000,1,1,1.329762021923217,21.29541497683786,21.295450842
575000,1,1,1.33309058584235,21.385262979507115,21.385298632812496
580000,1,1,1.3364274815827584,21.474561180468573,21.474596608
585000,1,1,1.339772730000134,21.56327478520846,21.5633099731875
590000,1,1,1.3431263520023715,21.651369359203997,21.651404294
595000,1,1,1.3464883685496984,21.73881085042348,21.7388455185625
600000,1,1,1.3498588006548065,21.82556561182624,21.8256
605000,1,1,1.3532376693829822,21.91160042386265,21.911634518937497
610000,1,1,1.3566249958522387,21.996882516974136,21.996916306000003
615000,1,1,1.3600208012334483,22.08137959409317,22.0814130643125
620000,1,1,1.3634251067504732,22.165059853143248,22.165092991999998
625000,1,1,1.3668379336802992,22.247892009538937,22.2479248046875
630000,1,1,1.3702593033531678,22.32984531868584,22.329877758000002
635000,1,1,1.37368923715271,22.41088959848059,22.4109216700625
640000,1,1,1.3771277565160802,22.490995251810883,22.491026943999998
645000,1,1,1.3805748829340883,22.570133289055462,22.5701645904375
650000,1,1,1.3840306379513356,22.648275350584093,22.64830625
655000,1,1,1.3874950431663493,22.725393729257604,22.7254242158125
660000,1,1,1.3909681202317166,22.801461392927873,22.801491456
665000,1,1,1.39444989085422,22.87645200693781,22.8764816361875
670000,1,1,1.3979403767949736,22.950339956621374,22.950369142
675000,1,1,1.4014395998695588,23.02310036980356,23.0231291015625
680000,1,1,1.4049475819481605,23.094709139300427,23.094737408
685000,1,1,1.408464344955703,23.16514294541906,23.1651707419375
690000,1,1,1.4119899108719887,23.234379278457602,23.234406594
695000,1,1,1.4155243017318335,23.30239646120524,23.3024232873125
700000,1,1,1.4190675396252064,23.36917367144219,23.3692
705000,1,1,1.4226196466973657,23.434690964439728,23.4347167876875
710000,1,1,1.426180645148999,23.498929295460186,23.498954605999998
715000,1,1,1.4297505572363607,23.561870542256905,23.5618953330625
720000,1,1,1.4333294052714123,23.623497527574294,23.623521792
725000,1,1,1.4369172116219613,23.68379404164782,23.683817773437497
730000,1,1,1.4405139987118007,23.742744864703962,23.742768057999996
735000,1,1,1.4441197890208493,23.80033578946027,23.800358438812502
740000,1,1,1.4477346050852928,23.856553643625332,23.856575743999997
745000,1,1,1.4513584694977246,23.911386312398765,23.911407859187495
750000,1,1,1.4549914049072865,23.96482276097126,23.96484375
755000,1,1,1.458633434019811,24.016853057024534,24.016873484562502
760000,1,1,1.462284579597963,24.067468393231344,24.067488256
765000,1,1,1.4659448644613824,24.116661109755498,24.116680404937497
770000,1,1,1.4696143114868263,24.164424716751864,24.164443442000003
775000,1,1,1.4732929436083124,24.210753916866327,24.2107720703125
780000,1,1,1.4769807838172635,24.255644627735833,24.255662208000004
785000,1,1,1.480677855162649,24.29909400448838,24.2991110106875
790000,1,1,1.484384180751131,24.341100462243,24.341116894000002
795000,1,1,1.4880997837472092,24.381663698609756,24.381679556062494
800000,1,1,1.4918246873733638,24.420784716189793,24.4208
805000,1,1,1.4955589149102029,24.458465845075263,24.458480556437504
810000,1,1,1.4993024896966067,24.49471076534939,24.494724905999995
815000,1,1,1.5030554351298748,24.529524529586414,24.529538101812506
820000,1,1,1.5068177746658713,24.56291358535166,24.562926592000004
825000,1,1,1.5105895318191727,24.594885797701448,24.5948982421875
830000,1,1,1.514370730163215,24.62545047168319,24.625462358000004
835000,1,1,1.5181613933304403,24.654618374835334,24.654629707562503
840000,1,1,1.521961545012446,24.68240175968731,24.682412543999995
845000,1,1,1.5257712089601314,24.7088143862597,24.708824627937496
850000,1,1,1.5295904089838486,24.733871544564046,24.733881249999992
855000,1,1,1.5334191689535495,24.75759007710297,24.757599253312495
860000,1,1,1.537257512798936,24.77998840137013,24.779997055999996
865000,1,1,1.5411054645096112,24.801086532350237,24.8010946736875
870000,1,1,1.5449630481352263,24.820906105019038,24.820913741999995
875000,1,1,1.5488302877856335,24.839470396843314,24.8394775390625
880000,1,1,1.552707207631037,24.856804350280935,24.856811008000005
885000,1,1,1.5565938319021433,24.87293459528075,24.872940779437506
890000,1,1,1.5604901848903137,24.88788947178272,24.887895194
895000,1,1,1.5643962909477145,24.901699052217804,24.9017043248125
900000,1,1,1.568312174487472,24.914395164008006,24.914399999999997
905000,1,1,1.5722378599838238,24.926011412066412,24.9260158251875
910000,1,1,1.576173371972271,24.936583201297143,24.936587206000002
915000,1,1,1.5801187350497345,24.946147759095293,24.946151370562497
920000,1,1,1.5840739738747054,24.954744157847124,24.954747391999998
925000,1,1,1.588039113167402,24.96241333742984,24.96241621093751
930000,1,1,1.5920141777099233,24.96919812771174,24.969200658
935000,1,1,1.5959991923464039,24.97514327105215,24.9751454763125
940000,1,1,1.5999941819831693,24.980295444801467,24.980297344000007
945000,1,1,1.6039991715888922,24.9847032838011,24.98470489668751
950000,1,1,1.6080141861947475,24.98841740288349,24.98841874999999
955000,1,1,1.6120392508945696,24.99149041937218,24.9914915220625
960000,1,1,1.616074390845009,24.99397697558172,24.993977856
965000,1,1,1.6201196312656894,24.995933761317712,24.99593444243749
970000,1,1,1.624174997439365,24.997419536376782,24.997420041999995
975000,1,1,1.6282405147120789,24.998495153046665,24.998495507812493
980000,1,1,1.6323162084933198,24.99922357860602,24.999223807999986
985000,1,1,1.6364021042561827,24.999669917824708,24.999670048187504
990000,1,1,1.6404982275375266,24.999901435463507,24.999901493999996
995000,1,1,1.6446046039381337,24.99998757877429,24.999987593562487
1000000,1,1,1.6487212591228695,24.99999999637033,25
