time,species,patch,n,m,Tenv
0,1,1,1,15,15
5000,1,1,0.9999999999999504,15.000009478134485,15.0000124064375
10000,1,1,0.9999999999981992,15.000085080761258,15.000098506
15000,1,1,0.9999999999860552,15.000299192361098,15.0003299518125
20000,1,1,0.9999999999398312,15.000721118763462,15.000776192
25000,1,1,0.9999999998155024,15.001418381664458,15.0015044921875
30000,1,1,0.9999999995412486,15.002456403149255,15.002579958
35000,1,1,0.9999999990129201,15.003898302289768,15.0040655575625
40000,1,1,0.9999999980906741,15.005805157049515,15.006022144
45000,1,1,0.9999999965980901,15.008235967250819,15.0085084779375
50000,1,1,0.9999999943143849,15.011247624985177,15.01158125
55000,1,1,0.999999990966244,15.01489493617168,15.0152951033125
60000,1,1,0.9999999862300303,15.019230707994913,15.019702656
65000,1,1,0.9999999797453418,15.024305806440667,15.0248545236875
70000,1,1,0.9999999710960218,15.03016905334448,15.030799342
75000,1,1,0.9999999598105216,15.036867317148493,15.0375837890625
80000,1,1,0.9999999453674498,15.044445527294945,15.045252608
85000,1,1,0.9999999271943336,15.052946714374883,15.0538486294375
90000,1,1,0.999999904669395,15.062412000263977,15.063412794
95000,1,1,0.9999998771177506,15.072880666667611,15.0739841748125
100000,1,1,0.9999998438212961,15.084390084838917,15.0856
105000,1,1,0.999999804003152,15.096975916797721,15.0982956751875
110000,1,1,0.9999997568595469,15.110671927968237,15.112104806
115000,1,1,0.9999997015045774,15.125509871514863,15.1270592205625
120000,1,1,0.9999996370765443,15.141520485480335,15.143188992
125000,1,1,0.9999995626371384,15.158731898545849,15.1605224609375
130000,1,1,0.99999947720266,15.177171037633393,15.179086258
135000,1,1,0.9999993797658632,15.196863028391572,15.1989053263125
140000,1,1,0.9999992692912535,15.217831295645373,15.220002944
145000,1,1,0.9999991447177925,15.240097640645411,15.2424007466875
150000,1,1,0.9999990049614822,15.26368221415218,15.26611875
155000,1,1,0.9999988489147528,15.288603660532631,15.2911753720625
160000,1,1,0.9999986754614507,15.314878854314195,15.317587456
165000,1,1,0.9999984834429746,15.342523415644408,15.3453702924375
170000,1,1,0.9999982717283554,15.371551180379782,15.374537642
175000,1,1,0.9999980391954529,15.401974444297613,15.4051017578125
180000,1,1,0.9999977846665948,15.433804293911024,15.437073408
185000,1,1,0.9999975069894756,15.467050079785002,15.4704618981875
190000,1,1,0.9999972050205602,15.501719837177271,15.505275094
195000,1,1,0.9999968776207122,15.537820196369283,15.5415194435625
200000,1,1,0.9999965236660537,15.57535628828824,15.5792
205000,1,1,0.9999961420440066,15.614331927184733,15.618320443937499
210000,1,1,0.9999957316600344,15.654749615664892,15.658883106
215000,1,1,0.999995291450909,15.696610484466516,15.7008889893125
220000,1,1,0.9999948203732075,15.739914351790416,15.744337792
225000,1,1,0.9999943174123787,15.784659763256219,15.7892279296875
230000,1,1,0.9999937815882937,15.83084400207642,15.835556558
235000,1,1,0.9999932119559867,15.878463108908736,15.883319595062499
240000,1,1,0.9999926076084629,15.927511907717422,15.932511744
245000,1,1,0.9999919676804528,15.977984028321963,15.9831265154375
250000,1,1,0.9999912913510749,16.02987192803813,16.03515625
255000,1,1,0.9999905778462245,16.083166914307863,16.0885921408125
260000,1,1,0.9999898264411695,16.137859167360812,16.143424256
265000,1,1,0.9999890364629632,16.19393776218504,16.1996415611875
270000,1,1,0.9999882072926254,16.251390690564495,16.257231942
275000,1,1,0.9999873383685792,16.310204892466245,16.3161822265625
280000,1,1,0.9999864291888652,16.370366261545335,16.376478208
285000,1,1,0.9999854793059201,16.431859669847302,16.438104666937498
290000,1,1,0.9999844883331166,16.494669014773685,16.501045394
295000,1,1,0.9999834559535897,16.5587772214756,16.5652832123125
300000,1,1,0.9999823819139484,16.624166251552044,16.6308
305000,1,1,0.9999812660249517,16.69081716140552,16.6975767126875
310000,1,1,0.9999801081644238,16.758710084028316,16.765593406
315000,1,1,0.9999789082756894,16.82782429963534,16.8348292580625
320000,1,1,0.9999776663737674,16.898138199422483,16.905262592
325000,1,1,0.9999763825390997,16.969629377279972,16.9768708984375
330000,1,1,0.9999750569269338,17.042274570006477,17.049630858
335000,1,1,0.9999736897551376,17.116049777847444,17.1235183638125
340000,1,1,0.9999722813209573,17.190930169419637,17.198508544
345000,1,1,0.9999708319824214,17.266890237814653,17.2745757841875
350000,1,1,0.9999693421712065,17.343903703041086,17.35169375
355000,1,1,0.9999678123829455,17.42194361342793,17.4298354095625
360000,1,1,0.9999662431904743,17.50098230817148,17.508973056000002
365000,1,1,0.9999646352266085,17.580991516836903,17.5890783299375
370000,1,1,0.999962989201561,17.661942286891037,17.670122241999998
375000,1,1,0.999961305877251,17.7438051137899,17.7520751953125
380000,1,1,0.9999595860974075,17.826549834828587,17.834907008000002
385000,1,1,0.999957830748781,17.910145806443055,17.9185869356875
390000,1,1,0.9999560408077371,17.994561742220576,18.003083694
395000,1,1,0.9999542172858342,18.079765946923295,18.0883654810625
400000,1,1,0.9999523612642545,18.165726143442964,18.1744
405000,1,1,0.9999504738809187,18.25240960931243,18.2611544814375
410000,1,1,0.9999485563303947,18.33978317497306,18.348595706
415000,1,1,0.9999466098606861,18.427813234921455,18.4366900268125
420000,1,1,0.9999446357703503,18.51646577592502,18.525403392
425000,1,1,0.9999426354069562,18.60570640153264,18.6147013671875
430000,1,1,0.9999406101651094,18.695500352869058,18.704549158
435000,1,1,0.9999385614838638,18.78581253093599,18.7949116325625
440000,1,1,0.9999364908441262,18.876607519543708,18.885753344
445000,1,1,0.9999343997661293,18.967849607320666,18.9770385529375
450000,1,1,0.9999322898068836,19.05950280967467,19.06873125
455000,1,1,0.9999301625570328,19.151530900177388,19.1607951783125
460000,1,1,0.9999280196387041,19.24389741610356,19.253193856
465000,1,1,0.9999258627008454,19.33656568312481,19.3458905986875
470000,1,1,0.9999236934170002,19.429498862428336,19.438848542
475000,1,1,0.9999215134853294,19.522659954406702,19.5320306640625
480000,1,1,0.9999193246227486,19.616011799551707,19.625399807999997
485000,1,1,0.9999171285594536,19.709517147017408,19.7189187044375
490000,1,1,0.9999149270418848,19.803138645574336,19.812549994
495000,1,1,0.9999127218254305,19.89683887264384,19.9062562498125
500000,1,1,0.9999105146715982,19.99058036025775,20
505000,1,1,0.9999083073452633,20.084325615766407,20.0937437501875
510000,1,1,0.9999061016117367,20.178037143766375,20.187450006
515000,1,1,0.999903899233564,20.271677469149836,20.2810812955625
520000,1,1,0.9999017019672733,20.365209159628392,20.374600192000003
525000,1,1,0.9998995115602426,20.458594847622674,20.4679693359375
530000,1,1,0.9998973297476899,20.551797252349132,20.561151458
535000,1,1,0.9998951582487343,20.644779211214193,20.6541094013125
540000,1,1,0.9998929987640757,20.73750368532243,20.746806144
545000,1,1,0.9998908529734675,20.829933784157213,20.8392048216875
550000,1,1,0.9998887225314843,20.922032812731864,20.93126875
555000,1,1,0.9998866090647698,21.013764275270606,21.0229614470625
560000,1,1,0.9998845141707277,21.105091876073825,21.114246656
565000,1,1,0.9998824394128605,21.195979588126395,21.2050883674375
570000,1,1,0.9998803863181195,21.28639164402181,21.295450842
575000,1,1,0.9998783563753816,21.37629256500435,21.385298632812496
580000,1,1,0.9998763510320332,21.46564718692937,21.474596608
585000,1,1,0.9998743716913312,21.554420680971006,21.5633099731875
590000,1,1,0.9998724197101855,21.642578575549663,21.651404294
595000,1,1,0.9998704963965201,21.730086779381462,21.7388455185625
600000,1,1,0.9998686030078858,21.81691160400243,21.8256
605000,1,1,0.9998667407487807,21.903019785657587,21.911634518937497
610000,1,1,0.9998649107685947,21.988378507388074,21.996916306000003
615000,1,1,0.9998631141589259,22.072955430425328,22.0814130643125
620000,1,1,0.9998613519525519,22.15671869969914,22.165092991999998
625000,1,1,0.9998596251230005,22.239636968518532,22.2479248046875
630000,1,1,0.9998579345812229,22.321679445722733,22.329877758000002
635000,1,1,0.9998562811731437,22.402815899361777,22.4109216700625
640000,1,1,0.9998546656817863,22.483016657562814,22.491026943999998
645000,1,1,0.999853088824843,22.562252677137774,22.5701645904375
650000,1,1,0.9998515512506531,22.64049553450671,22.64830625
655000,1,1,0.9998500535413709,22.717717454741855,22.7254242158125
660000,1,1,0.9998485962105728,22.79389133752632,22.801491456
665000,1,1,0.9998471797023682,22.868990777862315,22.8764816361875
670000,1,1,0.9998458043915783,22.942990087998904,22.950369142
675000,1,1,0.9998444705835104,23.0158643204812,23.0231291015625
680000,1,1,0.999843178513663,23.087589290674245,23.094737408
685000,1,1,0.9998419283477835,23.158141598652755,23.1651707419375
690000,1,1,0.9998407201819948,23.227498651332667,23.234406594
695000,1,1,0.9998395540420429,23.295638693933174,23.3024232873125
700000,1,1,0.9998384298870895,23.362540811452522,23.3692
705000,1,1,0.9998373476089195,23.428184971005354,23.4347167876875
710000,1,1,0.999836307031472,23.49255203870157,23.498954605999998
715000,1,1,0.9998353079123009,23.555623798340015,23.5618953330625
720000,1,1,0.9998343499444289,23.617382976793923,23.623521792
725000,1,1,0.9998334327573961,23.67781326707145,23.683817773437497
730000,1,1,0.9998325559187651,23.73689934941138,23.742768057999996
735000,1,1,0.99983171893593,23.794626914090475,23.800358438812502
740000,1,1,0.9998309212577027,23.850982684418696,23.856575743999997
745000,1,1,0.9998301622762068,23.905954438923377,23.911407859187495
750000,1,1,0.9998294413291494,23.959531033754104,23.96484375
755000,1,1,0.999828757702046,24.011702425353437,24.016873484562502
760000,1,1,0.9998281106304931,24.062459692933988,24.067488256
765000,1,1,0.9998274993026888,24.111795060913668,24.116680404937497
770000,1,1,0.9998269228620957,24.159701921449738,24.164443442000003
775000,1,1,0.9998263804101805,24.206174856953847,24.2107720703125
780000,1,1,0.999825871009276,24.251209662571796,24.255662208000004
785000,1,1,0.9998253936855681,24.294803368684637,24.2991110106875
790000,1,1,0.999824947432172,24.336954263416885,24.341116894000002
795000,1,1,0.9998245312123093,24.37766191513303,24.381679556062494
800000,1,1,0.9998241439625782,24.416927194935198,24.4208
805000,1,1,0.9998237845962998,24.454752299165577,24.458480556437504
810000,1,1,0.9998234520069351,24.491140771906437,24.494724905999995
815000,1,1,0.9998231450715638,24.52609752747906,24.529538101812506
820000,1,1,0.9998228626544156,24.559628872944096,24.562926592000004
825000,1,1,0.9998226036104443,24.591742530601866,24.5948982421875
830000,1,1,0.999822366788931,24.622447660492053,24.625462358000004
835000,1,1,0.9998221510371067,24.651754882893655,24.654629707562503
840000,1,1,0.9998219552037821,24.67967630082512,24.682412543999995
845000,1,1,0.9998217781429711,24.70622552254423,24.708824627937496
850000,1,1,0.9998216187174964,24.73141768404809,24.733881249999992
855000,1,1,0.9998214758025605,24.75526947157313,24.757599253312495
860000,1,1,0.999821348289272,24.777799144095077,24.779997055999996
865000,1,1,0.9998212350881067,24.79902655582895,24.8010946736875
870000,1,1,0.9998211351322924,24.818973178729003,24.820913741999995
875000,1,1,0.9998210473810991,24.83766212498872,24.8394775390625
880000,1,1,0.9998209708230171,24.855118169540855,24.856811008000005
885000,1,1,0.9998209044788068,24.871367772557345,24.872940779437506
890000,1,1,0.9998208474044006,24.88643910194932,24.887895194
895000,1,1,0.9998207986936397,24.900362055867106,24.9017043248125
900000,1,1,0.9998207574808234,24.91316828520021,24.914399999999997
905000,1,1,0.9998207229430542,24.92489121607728,24.9260158251875
910000,1,1,0.9998206943023537,24.93556607236613,24.936587206000002
915000,1,1,0.9998206708275311,24.94522989817374,24.946151370562497
920000,1,1,0.9998206518357807,24.95392158034622,24.954747391999998
925000,1,1,0.9998206366939835,24.96168187096886,24.96241621093751
930000,1,1,0.9998206248196917,24.968553409866036,24.969200658
935000,1,1,0.99982061568177,24.974580747101356,24.9751454763125
940000,1,1,0.9998206088006695,24.979810365477512,24.980297344000007
945000,1,1,0.9998206037483054,24.9842907030364,24.98470489668751
950000,1,1,0.999820600147516,24.988072175559083,24.98841874999999
955000,1,1,0.9998205976710708,24.991207199065773,24.9914915220625
960000,1,1,0.9998205960402028,24.99375021231588,24.993977856
965000,1,1,0.9998205950226335,24.99575769930806,24.99593444243749
970000,1,1,0.9998205944300623,24.997288211780134,24.997420041999995
975000,1,1,0.9998205941150875,24.998402391709167,24.998495507812493
980000,1,1,0.9998205939675299,24.999162993811513,24.999223807999986
985000,1,1,0.9998205939101233,24.999634908042687,24.999670048187504
990000,1,1,0.9998205938935425,24.99988518209755,24.999901493999996
995000,1,1,0.9998205938907294,24.999983043910277,24.999987593562487
1000000,1,1,0.9998205938905379,24.99999992250955,25
