time,species,patch,n,m,Tenv
0,1,1,1,15,15
5000,1,1,0.6703199876531917,15.000000597168267,15.0000124064375
10000,1,1,0.44932894633154236,15.000009138367671,15.000098506
15000,1,1,0.30119421344068037,15.000044285892711,15.0003299518125
20000,1,1,0.20189654383129899,15.000134100844084,15.000776192
25000,1,1,0.1353353165310456,15.000313941760114,15.0015044921875
30000,1,1,0.0907179932953567,15.000624748330184,15.002579958
35000,1,1,0.06081010263333734,15.001111640248284,15.0040655575625
40000,1,1,0.040762246105032096,15.001822774158024,15.006022144
45000,1,1,0.027323761329487616,15.002808411843146,15.0085084779375
50000,1,1,0.018315678333598567,15.004120161434262,15.01158125
55000,1,1,0.0122773781949112,15.005810360191344,15.0152951033125
60000,1,1,0.008229781456092596,15.00793157326873,15.019702656
65000,1,1,0.005516598309258507,15.010536187407117,15.0248545236875
70000,1,1,0.003697894179012383,15.013676082307809,15.030799342
75000,1,1,0.002478782231021917,15.01740236570729,15.0375837890625
80000,1,1,0.00166158441980549,15.021765160465385,15.045252608
85000,1,1,0.0011138009718510372,15.026813434398395,15.0538486294375
90000,1,1,7.466078357549865e-4,15.032594864935135,15.063412794
95000,1,1,5.004739532147653e-4,15.039155732498408,15.0739841748125
100000,1,1,3.3548232111591366e-4,15.046540837106104,15.0856
105000,1,1,2.2488544318448528e-4,15.054793434381363,15.0982956751875
110000,1,1,1.507506277050833e-4,15.063955187049991,15.112104806
115000,1,1,1.0105406968249122e-4,15.074066129355801,15.1270592205625
120000,1,1,6.774232008252043e-5,15.085164642125115,15.143188992
125000,1,1,4.5415030585703795e-5,15.0972874362593,15.1605224609375
130000,1,1,3.0446039241964495e-5,15.110469543272774,15.179086258
135000,1,1,2.0410657937207004e-5,15.12474431190931,15.1989053263125
140000,1,1,1.3685326939011742e-5,15.140143409243588,15.220002944
