time,species,patch,n,m,Tenv
0,1,1,1,15,15
5000,1,1,0.9975278108536371,15.00000001240937,15.000000012406437
10000,1,1,0.9950617317458462,15.000000098505755,15.000000098506
15000,1,1,0.9926017486955697,15.000000329943981,15.000000329951812
20000,1,1,0.9901478511588147,15.000000765714042,15.000000776192
25000,1,1,0.987700021685401,15.00000150592441,15.000001504492188
30000,1,1,0.9852582435561174,15.00000259494809,15.000002579958
35000,1,1,0.9828225015789332,15.000004067610426,15.000004065557562
40000,1,1,0.9803927809962207,15.0000060105413,15.000006022144
45000,1,1,0.9779690670689515,15.000008508727891,15.000008508477938
50000,1,1,0.9755513450110108,15.000011593119389,15.00001158125
55000,1,1,0.9731396000229949,15.00001529488863,15.000015295103312
60000,1,1,0.97073381732558806,15.000019692050858,15.000019702656
65000,1,1,0.9683339821745881,15.000024855808993,15.000024854523687
70000,1,1,0.965940079864336,15.000030809678435,15.000030799342
75000,1,1,0.9635520957271179,15.000037582345067,15.000037583789062
80000,1,1,0.9611700151321102,15.000045243223733,15.000045252608
85000,1,1,0.9587938234847732,15.000053850705822,15.000053848629438
90000,1,1,0.9564235062266027,15.000063421618028,15.000063412794
95000,1,1,0.9540590488350372,15.000073981733049,15.000073984174813
100000,1,1,0.9517004368233958,15.000085591741863,15.0000856
105000,1,1,0.9493476557408165,15.000098295127735,15.000098295675187
110000,1,1,0.9470006911721487,15.000112104218985,15.000112104806
115000,1,1,0.9446595287378784,15.000127058582706,15.000127059220562
120000,1,1,0.9423241540940448,15.000143188305971,15.000143188992
125000,1,1,0.9399945529321491,15.000160521724995,15.000160522460938
130000,1,1,0.9376707109790667,15.000179085471082,15.000179086258
135000,1,1,0.9353526139969589,15.000198904487432,15.000198905326313
140000,1,1,0.933040247777611,15.000220002243635,15.000220002944
145000,1,1,0.93073359815344,15.000242399820802,15.000242400746687
150000,1,1,0.9284326509970227,15.000266117436563,15.00026611875
155000,1,1,0.926137392213292,15.000291174323799,15.000291175372062
160000,1,1,0.9238478077390067,15.000317586631214,15.000317587456
165000,1,1,0.9215638835469211,15.000345369125055,15.000345370292438
170000,1,1,0.9192856056452696,15.000374536417192,15.000374537642
175000,1,1,0.917012960073913,15.000405100475614,15.000405101757812
180000,1,1,0.9147459329072377,15.000437072067863,15.000437073408
185000,1,1,0.9124845102548454,15.000470460499779,15.000470461898187
190000,1,1,0.9102286782611778,15.000505273637028,15.000505275094
195000,1,1,0.9079784231051047,15.000541517927791,15.000541519443562
200000,1,1,0.9057337309996838,15.000579198425251,15.0005792
205000,1,1,0.9034945881866465,15.000618318810197,15.000618320443937
210000,1,1,0.9012609809470412,15.0006588814131,15.000658883106
215000,1,1,0.8990328956007989,15.000700887237192,15.000700888989313
220000,1,1,0.896810318499188,15.00074433598073,15.000744337792
225000,1,1,0.8945932360242973,15.000789226059362,15.000789227929687
230000,1,1,0.8923816345912512,15.000835554628763,15.000835556558
235000,1,1,0.8901755006494012,15.000883317607103,15.000883319595063
240000,1,1,0.8879748206821672,15.000932509697565,15.000932511744
245000,1,1,0.8857795812064964,15.000983124410814,15.000983126515438
250000,1,1,0.8835897687725546,15.001035154087527,15.00103515625
255000,1,1,0.881405369963662,15.00108858992087,15.001088592140812
260000,1,1,0.8792263713962919,15.001143421979021,15.001143424256
265000,1,1,0.8770527597200269,15.001199639227648,15.001199641561188
270000,1,1,0.874884521617471,15.001257229552417,15.001257231942
275000,1,1,0.8727216438041533,15.0013161797815,15.001316182226562
280000,1,1,0.8705641130284492,15.001376475706106,15.001376478208
285000,1,1,0.868411916071487,15.001438102112159,15.001438104666937
290000,1,1,0.8662650397470616,15.001501042789611,15.001501045394
295000,1,1,0.8641234709015664,15.001565280551315,15.001565283212312
300000,1,1,0.8619871964139231,15.001630797284296,15.0016308
305000,1,1,0.8598562031954966,15.001697573948812,15.001697576712688
310000,1,1,0.8577304781900051,15.00176559059308,15.001765593406
315000,1,1,0.8556100083734374,15.001834826398206,15.001834829258062
320000,1,1,0.8534947807539833,15.001905259679644,15.001905262592
325000,1,1,0.8513847823719563,15.001976867943123,15.001976870898437
330000,1,1,0.8492800002997088,15.002049627847825,15.002049630858
335000,1,1,0.8471804216415509,15.00212351532118,15.002123518363813
340000,1,1,0.8450860335336717,15.002198505435848,15.002198508544
345000,1,1,0.8429968231440615,15.00227457266558,15.002274575784188
350000,1,1,0.8409127776724346,15.002351690535857,15.00235169375
355000,1,1,0.8388338843501497,15.00242983223841,15.002429835409563
360000,1,1,0.8367601304416784,15.002508969580928,15.002508973056
365000,1,1,0.8346915032433758,15.0025890752271,15.002589078329937
370000,1,1,0.8326279900797391,15.00267011818143,15.002670122242
375000,1,1,0.8305695783064855,15.002752072888319,15.002752075195312
380000,1,1,0.8285162553113521,15.002834901090873,15.002834907008
385000,1,1,0.8264680085137611,15.002918588138915,15.002918586935687
390000,1,1,0.8244248253644209,15.003003070600172,15.003003083694
395000,1,1,0.82238669334508,15.003088357323978,15.003088365481062
400000,1,1,0.8203535999684368,15.003174381544678,15.0031744
405000,1,1,0.8183255327780252,15.003261150899727,15.003261154481438
410000,1,1,0.8163024793481768,15.003348592111644,15.003348595706
415000,1,1,0.8142844272839411,15.003436686400187,15.003436690026813
420000,1,1,0.8122713642210098,15.003525399741884,15.003525403392
425000,1,1,0.8102632778256403,15.003614697693811,15.003614701367187
430000,1,1,0.8082601557945819,15.003704545462798,15.003704549158
435000,1,1,0.8062619858549993,15.00379490791698,15.003794911632562
440000,1,1,0.8042687557595932,15.003885749645615,15.003885753344
445000,1,1,0.8022804532960885,15.00397703480144,15.003977038552938
450000,1,1,0.8002970662868268,15.004068727417739,15.00406873125
455000,1,1,0.7983185825820411,15.004160791395728,15.004160795178313
460000,1,1,0.7963449900593969,15.00425319011392,15.004253193856
465000,1,1,0.7943762766275883,15.004345886791906,15.004345890598687
470000,1,1,0.7924124302258921,15.004438844725197,15.004438848542
475000,1,1,0.790453438820847,15.00453202683885,15.004532030664063
480000,1,1,0.788499290408752,15.004625395975879,15.004625399808
485000,1,1,0.786549973016262,15.004718914866942,15.004718918704437
490000,1,1,0.7846054747000627,15.004812546152666,15.004812549994
495000,1,1,0.7826657835465166,15.00490625240617,15.004906256249813
500000,1,1,0.7807308876714562,15.004999996155592,15.005
505000,1,1,0.7788007752200776,15.005093739906549,15.005093743750187
510000,1,1,0.7768754343668708,15.005187446164669,15.005187450006
515000,1,1,0.7749548533155548,15.005281077458076,15.005281081295562
520000,1,1,0.77303902029901,15.00537459635989,15.005374600192
525000,1,1,0.7711279235792078,15.005467965510734,15.005467969335937
530000,1,1,0.7692215514471388,15.00556114764123,15.005561151458
535000,1,1,0.76731989222274,15.005654105594497,15.005654109401313
540000,1,1,0.7654229342548244,15.005746802348654,15.005746806144
545000,1,1,0.763530665916447,15.005839201021088,15.005839204821687
550000,1,1,0.7616430756139126,15.00593126497587,15.00593126875
555000,1,1,0.7597601517863902,15.006022957717992,15.006022961447062
560000,1,1,0.7578818828995265,15.006114242918816,15.006114246656
565000,1,1,0.7560082574450115,15.006205084623577,15.006205088367437
570000,1,1,0.7541392639439922,15.006295447146801,15.006295450842
575000,1,1,0.7522748909466495,15.006385294959484,15.006385298632813
580000,1,1,0.7504151270290446,15.006474592957924,15.006474596608
585000,1,1,0.7485599607954921,15.006563306347795,15.006563309973188
590000,1,1,0.7467093808791249,15.006651400694697,15.006651404294
595000,1,1,0.7448633759415852,15.006738841946735,15.006738845518562
600000,1,1,0.7430219346726893,15.006825596457018,15.0068256
605000,1,1,0.7411850457902304,15.006911631006156,15.006911634518938
610000,1,1,0.7393526980354622,15.006996912772882,15.006996916306
615000,1,1,0.7375248801818206,15.007081409605524,15.007081413064313
620000,1,1,0.7357015810345592,15.007165089654562,15.007165092992
625000,1,1,0.73388278942457,15.007247921421577,15.007247924804688
630000,1,1,0.7320684942079649,15.007329874337003,15.007329877758
635000,1,1,0.7302586842693807,15.007410918365688,15.007410921670063
640000,1,1,0.7284533485215683,15.007491023678826,15.007491026944
645000,1,1,0.7266524759023398,15.007570161365498,15.007570164590437
650000,1,1,0.7248560553768657,15.007648303066482,15.00764830625
655000,1,1,0.7230640759382218,15.007725421074836,15.007725424215813
660000,1,1,0.7212765266070912,15.007801488358655,15.007801491456
665000,1,1,0.7194933964314382,15.007876478583542,15.007876481636188
670000,1,1,0.7177146744863186,15.00795036613509,15.007950369142
675000,1,1,0.7159403498695057,15.008023126055873,15.008023129101563
680000,1,1,0.7141704117099359,15.008094734480999,15.008094737408
685000,1,1,0.7124048491673555,15.00816516800891,15.008165170741938
690000,1,1,0.7106436514263378,15.008234403773914,15.008234406594
695000,1,1,0.7088868076958772,15.008302420394159,15.008302423287313
700000,1,1,0.7071343072125894,15.0083691972873,15.0083692
705000,1,1,0.7053861392403143,15.00843471412723,15.008434716787688
710000,1,1,0.7036422930671594,15.008498951998318,15.008498954606
715000,1,1,0.7019027580077242,15.008561892778939,15.008561895333063
720000,1,1,0.7001675234036296,15.008623519292112,15.008623521792
725000,1,1,0.6984365786232303,15.008683815328427,15.008683817773438
730000,1,1,0.6967099130612976,15.008742765668474,15.008742768058
735000,1,1,0.6949875161388366,15.00880035610533,15.008800358438812
740000,1,1,0.6932693772988507,15.00885657334792,15.008856575744
745000,1,1,0.6915554860145195,15.008911405620617,15.008911407859188
750000,1,1,0.6898458317888567,15.008964841772336,15.00896484375
755000,1,1,0.6881404041489172,15.009016871372609,15.009016873484562
760000,1,1,0.6864391926454031,15.009067486029794,15.009067488256
765000,1,1,0.6847421868557638,15.009116678416852,15.009116680404938
770000,1,1,0.6830493763838108,15.009164441512887,15.009164443442
775000,1,1,0.681360750856854,15.009210770200042,15.009210772070313
780000,1,1,0.6796762999278568,15.009255660396798,15.009255662208
785000,1,1,0.6779960132759489,15.009299109258635,15.009299111010687
790000,1,1,0.6763198806061463,15.009341115201131,15.009341116894
795000,1,1,0.6746478916490458,15.009381677922367,15.009381679556062
800000,1,1,0.6729800361606472,15.009420798425408,15.0094208
805000,1,1,0.6713163039182547,15.00945847904072,15.009458480556438
810000,1,1,0.6696566847283864,15.009494723449075,15.009494724906
815000,1,1,0.6680011684264505,15.009529536703484,15.009529538101813
820000,1,1,0.6663497448711404,15.009562925251945,15.009562926592
825000,1,1,0.6647024039440488,15.009594896960053,15.009594898242188
830000,1,1,0.6630591355513153,15.009625461133371,15.009625462358
835000,1,1,0.6614199296245109,15.009654628539971,15.009654629707562
840000,1,1,0.6597847761205196,15.009682411432912,15.009682412544
845000,1,1,0.6581536650211377,15.009708823572756,15.009708824627937
850000,1,1,0.656526586332843,15.009733880250067,15.00973388125
855000,1,1,0.6549035300867481,15.009757598307907,15.009757599253312
860000,1,1,0.6532844863385991,15.009779996164331,15.009779997056
865000,1,1,0.6516694451687428,15.009801093834906,15.009801094673687
870000,1,1,0.6500583966820618,15.00982091295518,15.009820913742
875000,1,1,0.6484513310079028,15.009839476803219,15.009839477539062
880000,1,1,0.6468482383000178,15.00985681032012,15.009856811008
885000,1,1,0.6452491087364951,15.009872940141696,15.009872940779438
890000,1,1,0.6436539325196952,15.009887894607791,15.009887895194
895000,1,1,0.6420626998761995,15.009901703781145,15.009901704324813
900000,1,1,0.6404754010567589,15.009914399498667,15.0099144
905000,1,1,0.6388920263362305,15.009926015370517,15.009926015825188
910000,1,1,0.6373125660135104,15.009936586794788,15.009936587206
915000,1,1,0.6357370104114725,15.009946151002488,15.009946151370562
920000,1,1,0.6341653498769166,15.009954747058945,15.009954747392
925000,1,1,0.6325975747805116,15.009962415919796,15.009962416210938
930000,1,1,0.6310336755167313,15.009969200394085,15.009969200658
935000,1,1,0.6294736425037952,15.009975145259183,15.009975145476313
940000,1,1,0.6279174661836097,15.009980297137545,15.009980297344
945000,1,1,0.6263651370217099,15.009984704752963,15.009984704896688
950000,1,1,0.6248166455072027,15.00998841858057,15.00998841875
955000,1,1,0.6232719821527076,15.009991491462364,15.009991491522063
960000,1,1,0.6217311374942985,15.009993977684497,15.009993977856
965000,1,1,0.6201941020914462,15.009995934506152,15.009995934442438
970000,1,1,0.6186608665269597,15.009997419781689,15.009997420042
975000,1,1,0.6171314214069299,15.009998495808192,15.009998495507812
980000,1,1,0.6156057573606704,15.009999223252573,15.009999223808
985000,1,1,0.6140838650417959,15.00999967219979,15.009999670048188
990000,1,1,0.61256573512732,15.009999898928712,15.009999901494
995000,1,1,0.6110513583149091,15.009999994449517,15.009999987593563
1000000,1,1,0.609540725325142,15.009999987785735,15.01
