time,species,patch,n,m
0,1,1,1,15
5000,1,1,0.9999999999908344,15.000000302716618
10000,1,1,0.9999999997083754,15.000001781912218
15000,1,1,0.9999999964568108,15.000006928166568
20000,1,1,0.9999999773227649,15.000020020886831
25000,1,1,0.9999998990300818,15.000047091184053
30000,1,1,0.9999996485764987,15.000095728568045
35000,1,1,0.9999989982264836,15.000174719439556
40000,1,1,0.9999975289213622,15.000294158660138
45000,1,1,0.9999945457985113,15.000465342906372
50000,1,1,0.9999889285758409,15.000700818928994
55000,1,1,0.9999790230754233,15.001014155555433
60000,1,1,0.9999624774452055,15.001419875890155
65000,1,1,0.9999359803866847,15.001933511386742
70000,1,1,0.9998951324737635,15.002571392949458
75000,1,1,0.9998342090623286,15.003350577584953
80000,1,1,0.9997459148467146,15.004288831092616
85000,1,1,0.9996211116714715,15.005404557774053
90000,1,1,0.9994485494948703,15.006716720236364
95000,1,1,0.9992145996963517,15.008244773399495
100000,1,1,0.9989029899657772,15.01000860412318
105000,1,1,0.9984944694820461,15.012028452852007
110000,1,1,0.9979665458189315,15.014324852120215
115000,1,1,0.997293247536694,15.016918568548592
120000,1,1,0.9964448713926956,15.019830536594498
125000,1,1,0.9953877345039346,15.023081787663708
130000,1,1,0.9940839667128849,15.026693381390377
135000,1,1,0.992491355219462,15.030686339718848
140000,1,1,0.9905632381753787,15.035081580426638
145000,1,1,0.9882484505126967,15.039899847951919
150000,1,1,0.9854913376213468,15.045161644325665
155000,1,1,0.982231856597497,15.05088715470743
160000,1,1,0.9784057517308984,15.057096179883711
165000,1,1,0.9739448806712624,15.063808067170948
170000,1,1,0.9687776043496008,15.071041638674705
175000,1,1,0.9628293835255417,15.078815109981903
180000,1,1,0.9560234459811631,15.087146024131876
185000,1,1,0.9482816507486236,15.096051179262764
190000,1,1,0.9395254701895958,15.105546557949642
195000,1,1,0.9296771960501792,15.11564725113822
200000,1,1,0.9186613249003363,15.126367392178176
205000,1,1,0.9064059598711971,15.137720091260066
210000,1,1,0.8928445567799659,15.149717347534084
215000,1,1,0.8779176116218055,15.162370009148935
220000,1,1,0.8615745610626173,15.175687694605896
225000,1,1,0.843775719605415,15.189678732522426
230000,1,1,0.8244942156188874,15.204350104200696
235000,1,1,0.8037179963109808,15.21970738363945
240000,1,1,0.7814515325668685,15.235754687286105
245000,1,1,0.7577174749093145,15.252494623700473
250000,1,1,0.7325581274748957,15.269928244999413
255000,1,1,0.7060365314231604,15.288055004010701
260000,1,1,0.6782371420867382,15.306872715566897
265000,1,1,0.6492660821861057,15.326377520738179
270000,1,1,0.6192508774904606,15.346563855029942
275000,1,1,0.5883395892050001,15.367424421024756
280000,1,1,0.5566993256390942,15.388950166076844
285000,1,1,0.5245142068663291,15.41113026300816
290000,1,1,0.4919826261439224,15.433952095111211
295000,1,1,0.45931399549596547,15.45740124650001
300000,1,1,0.4267250420748781,15.481461496552614
305000,1,1,0.39443551559751966,15.506114818512499
310000,1,1,0.36266386267079476,15.531341383225197
315000,1,1,0.33162262837949136,15.557119567179884
320000,1,1,0.30151384669581244,15.583425965323979
325000,1,1,0.2725247091053871,15.610235409000135
330000,1,1,0.24482355332479816,15.637520988841855
335000,1,1,0.2185563517772818,15.665254082706657
340000,1,1,0.1938439040508452,15.69340438945942
345000,1,1,0.17077977759946433,15.721939968335345
350000,1,1,0.14942909399878448,15.750827284274868
355000,1,1,0.12982825725307517,15.780031260016392
360000,1,1,0.11198551344414638,15.80951533466579
365000,1,1,0.095882360443096,15.839241529607342
370000,1,1,0.08147574638134575,15.869170522357761
375000,1,1,0.06870088274735874,15.89926172861585
380000,1,1,0.05747454470430119,15.929473393155282
385000,1,1,0.04769870286581983,15.959762690261242
390000,1,1,0.03926429944474288,15.990085833866596
395000,1,1,0.03205501858121466,16.020398198480738
400000,1,1,0.025950891764719514,16.05065445152935
405000,1,1,0.020831602261998015,16.08080869670218
410000,1,1,0.016579378357187768,16.11081462992032
415000,1,1,0.013081442815876183,16.140625706981023
420000,1,1,0.010231920146272961,16.17019532440256
425000,1,1,0.007933249813573082,16.199477012046355
430000,1,1,0.006097086693800829,16.2284246383206
435000,1,1,0.0046447470989785635,16.256992626983276
440000,1,1,0.003507265955811153,16.285136184510073
445000,1,1,0.00262510914237035,16.312811537560055
450000,1,1,0.001947650814525816,16.339976177963095
455000,1,1,0.0014324514918252658,16.366589114331205
460000,1,1,0.0010444354703008478,16.392611126927907
465000,1,1,7.550102860706759e-4,16.418005023556162
470000,1,1,5.411749009529905e-4,16.442735892982416
475000,1,1,3.846690365830104e-4,16.46677135231537
480000,1,1,2.711834515309563e-4,16.490081783872487
485000,1,1,1.8964265162437513e-4,16.51264055817106
490000,1,1,1.315776765501733e-4,16.534424237909256
495000,1,1,9.059213838365e-5,16.5554127578519
500000,1,1,6.190847076761074e-5,16.575589577828374
505000,1,1,4.200090079380108e-5,16.594941802847806
510000,1,1,2.8295819502099128e-5,16.613460268115606
515000,1,1,1.8934437317650787e-5,16.631139584777685
