time,species,patch,n,m,Tenv
0,1,1,1,15,15
5000,1,1,3144698449974485e6,15.00001103494357,15.0000124064375
10000,1,1,9889120482204795e27,15.000092853727272,15.000098506
15000,1,1,3109813626693788e49,15.000317193354528,15.0003299518125
20000,1,1,9779234635298983e70,15.00075358972933,15.000776192
25000,1,1,30751142413362166e91,15.001469395344941,15.0015044921875
30000,1,1,9669207956905154e113,15.002529801776904,15.002579958
35000,1,1,3040014108741461e135,15.003997862175126,15.0040655575625
40000,1,1,955632265556281e157,15.00593451375522,15.006022144
45000,1,1,30033433359257187e177,15.00839860028971,15.0085084779375
50000,1,1,9435807217695312e199,15.01144689459918,15.01158125
55000,1,1,2963234173725204e221,15.015134121043756,15.0152951033125
60000,1,1,9300586223982898e242,15.01951297801509,15.019702656
65000,1,1,29170783513023675e263,15.024634160429052,15.0248545236875
70000,1,1,9141268703427364e285,15.030546382219233,15.030799342
