time,species,patch,n,m
0,1,1,1,15
5000,1,1,0.9999750021808742,15.000000000206802
10000,1,1,0.9999500045865776,15.000000001917304
15000,1,1,0.9999250033526138,15.000000007985788
20000,1,1,0.9998999700804536,15.000000027387642
25000,1,1,0.9998748584221354,15.000000061135008
30000,1,1,0.9998495536655856,15.000000116176334
35000,1,1,0.9998238512604427,15.000000198913684
40000,1,1,0.9997972375731891,15.000000324593854
45000,1,1,0.9997689434701695,15.000000504920617
50000,1,1,0.99973763623041,15.000000754727255
55000,1,1,0.9997013485282721,15.000001089270548
60000,1,1,0.999657232520036,15.000001525162366
65000,1,1,0.9996012899542687,15.000002080333228
70000,1,1,0.9995279954804552,15.000002774059395
75000,1,1,0.9994300607680597,15.000003626720844
80000,1,1,0.9992980429323278,15.00000465980729
85000,1,1,0.99911989016272,15.00000589589595
90000,1,1,0.9988805136633654,15.00000735858629
95000,1,1,0.9985612948417454,15.000009072432293
100000,1,1,0.9981395771400049,15.000011062883443
105000,1,1,0.9975880819761559,15.000013356215844
110000,1,1,0.9968743925007091,15.000015979468781
115000,1,1,0.9959604123710412,15.000018960373223
120000,1,1,0.9948017785602472,15.000022327268987
125000,1,1,0.9933473130619191,15.00002610901903
130000,1,1,0.9915385245795642,15.000030334917854
135000,1,1,0.9893091699689935,15.000035034591862
140000,1,1,0.9865848923897085,15.000040237890135
145000,1,1,0.9832829739261222,15.00004597476575
150000,1,1,0.9793122438229764,15.000052275147349
155000,1,1,0.9745731816393318,15.000059168799984
160000,1,1,0.9689582581105312,15.00006668517441
165000,1,1,0.962352544986222,15.00007485324512
170000,1,1,0.9546347281508415,15.000083701333695
175000,1,1,0.9456784432951987,15.000093256922812
180000,1,1,0.9353540676498706,15.000103546457316
185000,1,1,0.9235310234358551,15.000114595132061
190000,1,1,0.9100805784931201,15.000126426668853
195000,1,1,0.8948791959907776,15.000139063082473
200000,1,1,0.8778124071620532,15.000152524437137
205000,1,1,0.8587791600897496,15.000166828594782
210000,1,1,0.8376966139972896,15.000181990956444
215000,1,1,0.8145052211189289,15.000198024199587
220000,1,1,0.7891739369443829,15.000214938013679
225000,1,1,0.7617053708983211,15.000232738836564
230000,1,1,0.7321406218276449,15.000251429594917
235000,1,1,0.7005633965760127,15.00027100945364
240000,1,1,0.6671032199720375,15.00029147357623
245000,1,1,0.6319373355901196,15.000312812901267
250000,1,1,0.5952908826238197,15.000335013940491
255000,1,1,0.5574352105004575,15.000358058601144
260000,1,1,0.5186840576081926,15.000381924038587
265000,1,1,0.47938744146960843,15.000406582544164
270000,1,1,0.4399233938717694,15.000432001472111
275000,1,1,0.40068770734480297,15.000458143210459
280000,1,1,0.3620820664171495,15.00048496520025
285000,1,1,0.32450113835759403,15.000512420006336
290000,1,1,0.28831929186092375,15.000540455442973
295000,1,1,0.25387770374653984,15.000569014755513
300000,1,1,0.22147267480823368,15.00059803686314
305000,1,1,0.1913459771051985,15.000627456660133
310000,1,1,0.1636777569938626,15.000657205374122
315000,1,1,0.1385825375425801,15.000687210983298
320000,1,1,0.11610854938711816,15.000717398687913
325000,1,1,0.09624032243367375,15.000747691431727
330000,1,1,0.07890425640112085,15.000778010469041
335000,1,1,0.06397664300585242,15.000808275970384
340000,1,1,0.05129344775989555,15.00083840765959
345000,1,1,0.04066106753128167,15.000868325473816
350000,1,1,0.03186726185059429,15.000897950236904
355000,1,1,0.0246915735823678,15.000927204336465
360000,1,1,0.01891455819548313,15.000956012394365
365000,1,1,0.01432545070361152,15.000984301919116
370000,1,1,0.010728096587389217,15.001012003930514
375000,1,1,0.007944983176338093,15.001039053545771
380000,1,1,0.005819532954705018,15.001065390517212
385000,1,1,0.004216887093697615,15.001090959712847
390000,1,1,0.0030234470895437364,15.001115711531737
395000,1,1,0.002145509073108903,15.001139602247536
400000,1,1,0.0015072981063263486,15.001162594274923
405000,1,1,0.001048679709413153,15.00118465635424
410000,1,1,7.227808117645123e-4,15.001205763657088
415000,1,1,4.936788011056878e-4,15.00122589780638
420000,1,1,3.342860453831049e-4,15.001245046811771
425000,1,1,2.2448780152817203e-4,15.00126320493293
430000,1,1,1.495694090734066e-4,15.001280372464606
435000,1,1,9.891072000294504e-5,15.001296555456948
440000,1,1,6.494791276474141e-5,15.001311765373615
445000,1,1,4.236401599142413e-5,15.001326018697798
450000,1,1,2.7460286438474446e-5,15.001339336497177
455000,1,1,1.7695815652004948e-5,15.001351743952366
