time,species,patch,n,m
0,1,1,1,15
5000,1,1,0.9997502185354684,15.000000002064914
10000,1,1,0.999500499060759,15.000000019143904
15000,1,1,0.9992508377067781,15.000000079733992
20000,1,1,0.9990012167964776,15.000000229064836
25000,1,1,0.9987515819784097,15.000000529127432
30000,1,1,0.9985018418440939,15.000001043085991
35000,1,1,0.9982517350708507,15.000001866742059
40000,1,1,0.998000801885903,15.00000311441027
45000,1,1,0.9977482267208148,15.000004915563308
50000,1,1,0.9974927383331358,15.000007409020485
55000,1,1,0.997232381270391,15.000010747261793
60000,1,1,0.9969642893879015,15.000015097015549
65000,1,1,0.9966844691535425,15.0000206375326
70000,1,1,0.9963874801301786,15.000027560179735
75000,1,1,0.9960661111695855,15.000036068137373
80000,1,1,0.9957109941988064,15.000046375826228
85000,1,1,0.9953102038427232,15.000058708325708
90000,1,1,0.994848811580847,15.000073300807312
95000,1,1,0.9943083661997404,15.000090397897806
100000,1,1,0.9936664414363059,15.00011025314402
105000,1,1,0.9928961098481841,15.00013312836239
110000,1,1,0.9919653764901349,15.00015929291795
115000,1,1,0.9908366247105003,15.000189022987398
120000,1,1,0.9894660780274316,15.000222600782829
125000,1,1,0.9878032770664386,15.000260313705455
130000,1,1,0.9857905874758451,15.000302453421176
135000,1,1,0.9833627700178039,15.000349314858171
140000,1,1,0.9804466308729065,15.000401195131499
145000,1,1,0.9769607920783168,15.000458392368781
150000,1,1,0.9728156117873126,15.000521204433069
155000,1,1,0.9679132605837538,15.00058992755643
160000,1,1,0.9621481559114592,15.000664854795192
165000,1,1,0.9554075027326283,15.000746274475425
170000,1,1,0.9475722811063806,15.000834468442033
175000,1,1,0.9385185576548453,15.000929710242293
180000,1,1,0.9281193147517248,15.001032263073634
185000,1,1,0.9162466605503,15.001142377747701
190000,1,1,0.9027745669771402,15.001260290514395
195000,1,1,0.8875821634604321,15.001386220703706
200000,1,1,0.8705575227024864,15.001520368334848
205000,1,1,0.8516018955270619,15.001662911644736
210000,1,1,0.8306343993729192,15.00181400452864
215000,1,1,0.8075969673664355,15.001973773949866
220000,1,1,0.7824594413057671,15.002142317333405
225000,1,1,0.7552245774896388,15.002319699968035
230000,1,1,0.7259327575772476,15.00250595244495
235000,1,1,0.694666051496166,15.002701068178212
240000,1,1,0.6615512782951215,15.00290500104865
245000,1,1,0.6267619194413752,15.003117663187481
250000,1,1,0.5905183458699101,15.003338922971652
255000,1,1,0.553086122466968,15.003568603270924
260000,1,1,0.5147723573177266,15.003806479972447
265000,1,1,0.47591980179096843,15.004052280853097
270000,1,1,0.43689880760589767,15.004305684837176
275000,1,1,0.3980973792917913,15.004566321678272
280000,1,1,0.35990963555588446,15.004833772112178
285000,1,1,0.3227232289487803,15.005107568513912
290000,1,1,0.2869063883187986,15.00538719610193
295000,1,1,0.2527952880180949,15.005672094651073
300000,1,1,0.22068259827216788,15.005961660856824
305000,1,1,0.19080796137127878,15.006255251248982
310000,1,1,0.16335091644323527,15.006552185656687
315000,1,1,0.13842684946942302,15.006851751267691
320000,1,1,0.1160861770016766,15.007153207222508
325000,1,1,0.09631670269337865,15.007455789703878
330000,1,1,0.07904890901083966,15.007758717482952
335000,1,1,0.06416367173109015,15.008061197854726
340000,1,1,0.05150173438839748,15.008362432893536
345000,1,1,0.04087418473480481,15.008661625947509
350000,1,1,0.03207315977089883,15.008957988279768
355000,1,1,0.024882080164744337,15.00925074576015
360000,1,1,0.019084764792850723,15.009539145513175
365000,1,1,0.01447308592686226,15.009822462403033
370000,1,1,0.010852878479477674,15.010100005261819
375000,1,1,0.008048020837540812,15.010371122757203
380000,1,1,0.005902828130649302,15.010635208801185
385000,1,1,0.004282913995933774,15.010891707405365
390000,1,1,0.0030748365637504483,15.011140116909461
395000,1,1,0.002184825306480925,15.011379993509472
400000,1,1,0.0015368960283568033,15.011610954036444
405000,1,1,0.0010706244753742901,15.011832677928078
410000,1,1,7.38818170989441e-4,15.01204490840271
415000,1,1,5.052409509468836e-4,15.01224745282929
420000,1,1,3.425137938492435e-4,15.012440182229694
425000,1,1,2.3027357688607683e-4,15.012623030019245
430000,1,1,1.5359098155532763e-4,15.012795990049295
435000,1,1,1.0167554802124106e-4,15.01295911391143
440000,1,1,6.683092145555127e-5,15.013112507650455
445000,1,1,4.363307530426011e-5,15.01325632795259
450000,1,1,2.8308702752751696e-5,15.013390777863279
455000,1,1,1.8258402548817617e-5,15.013516102177245
