time,species,patch,n,m
0,1,1,1,15
5000,1,1,0.9999968750277604,15.000000000025855
10000,1,1,0.999993749665145,15.000000000239698
15000,1,1,0.9999906200467154,15.000000000998375
20000,1,1,0.9999874574570814,15.000000003423999
25000,1,1,0.9999842161047628,15.00000000764043
30000,1,1,0.9999807810179057,15.00000001452043
35000,1,1,0.9999769473399152,15.000000024864796
40000,1,1,0.9999722017227062,15.000000040577044
45000,1,1,0.9999657740702237,15.00000006312198
50000,1,1,0.9999563310643544,15.000000094353636
55000,1,1,0.9999419041983815,15.000000136179544
60000,1,1,0.9999196437767324,15.000000190676708
65000,1,1,0.999885548514234,15.00000026008707
70000,1,1,0.9998340887377362,15.000000346820828
75000,1,1,0.9997579701286334,15.000000453426207
80000,1,1,0.9996477414017095,15.000000582590237
85000,1,1,0.9994913394387855,15.000000737135965
90000,1,1,0.9992736604798232,15.000000920014292
95000,1,1,0.99897606641221115,15.000001134295514
100000,1,1,0.9985758757460388,15.000001383161944
105000,1,1,0.9980457782459083,15.000001669899298
110000,1,1,0.9973533180292046,15.000001997888774
115000,1,1,0.9964603506029189,15.000002370598102
120000,1,1,0.9953224544374792,15.000002791571196
125000,1,1,0.9938883811755296,15.000003264417424
130000,1,1,0.9920995560184515,15.000003792800168
135000,1,1,0.9898896376379278,15.000004380424357
140000,1,1,0.9871841548767586,15.000005031022798
145000,1,1,0.9839002581211337,15.000005748341339
150000,1,1,0.9799466265245547,15.000006536122799
155000,1,1,0.9752235704417961,15.000007398089561
160000,1,1,0.969623372002066,15.000008337924715
165000,1,1,0.9630308954195348,15.000009359251798
170000,1,1,0.9553246008792448,15.000010465612673
175000,1,1,0.9463778822071788,15.000011660444281
180000,1,1,0.9360608621626759,15.000012947053726
185000,1,1,0.9242426992765814,15.00001432859173
190000,1,1,0.9107943950222649,15.000015808024715
195000,1,1,0.8955921505609385,15.000017388105523
200000,1,1,0.8785212472868557,15.000019071342932
205000,1,1,0.8594804066703344,15.000020859970146
210000,1,1,0.8383865956962039,15.000022755912427
215000,1,1,0.8151801206139709,15.000024760754219
220000,1,1,0.7898298506341603,15.000026875706043
225000,1,1,0.7623383812692203,15.00002910157151
230000,1,1,0.7327468808010535,15.00003143871482
235000,1,1,0.7011392195234262,15.000033887029415
240000,1,1,0.6676451880566973,15.000036445907972
245000,1,1,0.6324424002102588,15.000039114214442
250000,1,1,0.5957564667946427,15.000041890258785
255000,1,1,0.557859306964576,15.000044771774748
260000,1,1,0.519065311032553,15.00004775590144
265000,1,1,0.4797252124626477,15.000050839169308
270000,1,1,0.440217797254557,15.000054017491042
275000,1,1,0.40093962339647404,15.00005728615795
280000,1,1,0.3622931179813762,15.000060639842415
285000,1,1,0.324673635707282,15.00006407260681
290000,1,1,0.2884561461448936,15.00006757791927
295000,1,1,0.2539823150377855,15.000071148676513
300000,1,1,0.22154880317966855,15.000074777234293
305000,1,1,0.1913975610378472,15.000078455445049
310000,1,1,0.16370880888730682,15.000082174703097
315000,1,1,0.13859697782334,15.000085925996673
320000,1,1,0.11611007976223449,15.000089699967129
325000,1,1,0.09623232121952552,15.000093486974244
330000,1,1,0.07888969706833436,15.000097277167248
335000,1,1,0.06395804756265797,15.0001010605607
340000,1,1,0.0512728682137178,15.000104827114253
345000,1,1,0.04064009318856532,15.000108566815278
350000,1,1,0.03184705309136462,15.000112269763163
355000,1,1,0.024672927409653173,15.000115926254008
360000,1,1,0.018897932288980814,15.000119526864546
365000,1,1,0.014311051893165408,15.000123062533733
370000,1,1,0.010715946719312584,15.00012652464081
375000,1,1,0.007934963737443785,15.000129905078596
380000,1,1,0.005811443700009195,15.000133196320643
385000,1,1,0.004210483044541842,15.000136391481247
390000,1,1,0.003018468149065208,15.00013948436727
395000,1,1,0.002141703792321671,15.000142469520979
400000,1,1,0.0015044366945052537,15.000145342253216
405000,1,1,0.0010465606825448873,15.000148098666335
410000,1,1,7.21234015159098e-4,15.000150735667047
415000,1,1,4.925664267191701e-4,15.000153250969028
420000,1,1,3.3349579750915887e-4,15.000155643084781
425000,1,1,2.2393523848252933e-4,15.000157911307765
430000,1,1,1.4918802977903739e-4,15.000160055685951
435000,1,1,9.864965393613118e-5,15.000162076986477
440000,1,1,6.477276353341487e-5,15.000163976652624
445000,1,1,4.224758514160319e-5,15.000165756754736
450000,1,1,2.73835519870925e-5,15.000167419935472
455000,1,1,1.7646173148385156e-5,15.000168969350861
460000,1,1,1.1309711442741375e-5,15.00017040860858
