time,species,patch,n,m
0,1,1,1,15
5000,1,1,0.9999999999980866,15.00000187025616
10000,1,1,0.9999999998767197,15.000021009472812
15000,1,1,0.9999999983093631,15.00009495007305
20000,1,1,0.9999999894431253,15.000274626181879
25000,1,1,0.9999999584543837,15.00061706735799
30000,1,1,0.9999998757972088,15.001183073001554
35000,1,1,0.9999996905079752,15.00203481134121
40000,1,1,0.9999993229783968,15.003234233889595
45000,1,1,0.9999986672916329,15.004842553294083
50000,1,1,0.9999975786845414,15.006919493842542
55000,1,1,0.9999958715201868,15.009523068381466
60000,1,1,0.9999933203158321,15.012709649798602
65000,1,1,0.9999896551771321,15.016533748224589
70000,1,1,0.999984553193208,15.02104771827097
75000,1,1,0.9999776405336783,15.026301994927808
80000,1,1,0.9999684962176756,15.032345252567177
85000,1,1,0.9999566500933695,15.039224261461813
90000,1,1,0.999941580518181,15.046983797971649
95000,1,1,0.999922714223033,15.055666688806737
100000,1,1,0.9998994275675187,15.065313885261693
105000,1,1,0.9998710478810436,15.075964495328218
110000,1,1,0.9998368546332597,15.087655787398496
115000,1,1,0.9997960808296288,15.100423200232482
120000,1,1,0.9997479148598488,15.11430036738467
125000,1,1,0.9996915026911865,15.12931914517215
130000,1,1,0.99962595024891,15.145509636366052
135000,1,1,0.9995503258413889,15.162900210056302
140000,1,1,0.9994636629516055,15.181517523845361
145000,1,1,0.9993649634996343,15.201386547988825
150000,1,1,0.9992532009654181,15.222530588299072
155000,1,1,0.9991273232805613,15.24497130577148
160000,1,1,0.9989862561217476,15.268728739152527
165000,1,1,0.99882890658654655,15.293821329589175
170000,1,1,0.9986541669071565,15.320265944078548
175000,1,1,0.9984609180681643,15.34807789720664
180000,1,1,0.9982480334432353,15.377270972954415
185000,1,1,0.9980143825514197,15.407857447523934
190000,1,1,0.9977588348957197,15.439848112514795
195000,1,1,0.9974802638001934,15.473252297660627
200000,1,1,0.9971775502176742,15.508077893214848
205000,1,1,0.9968495865258782,15.544331372462453
210000,1,1,0.996495280316836,15.58201781447635
215000,1,1,0.9961135581562083,15.6211409268884
220000,1,1,0.9957033692868792,15.661703068523806
225000,1,1,0.9952636892663054,15.703705271973709
230000,1,1,0.9947935235334651,15.7471472662177
235000,1,1,0.9942919108953823,15.792027499292802
240000,1,1,0.993757926918393,15.838343160943115
245000,1,1,0.9931906872113906,15.886090205227397
250000,1,1,0.9925893505941755,15.935263373113154
255000,1,1,0.9919531221408074,15.985856215079009
260000,1,1,0.9912812560890265,16.037861113716637
265000,1,1,0.9905730586064926,16.091269306315805
270000,1,1,0.9898278904055888,16.146070907430992
275000,1,1,0.9890451691994155,16.202254931437782
280000,1,1,0.9882243719920859,16.259809315082382
285000,1,1,0.9873650371967866,16.31872094002042
290000,1,1,0.9864667665756223,16.378975655341417
295000,1,1,0.9855292269959822,16.440558300079534
300000,1,1,0.9845521519988634,16.5034527257128
305000,1,1,0.983535343175189,16.567641818651015
310000,1,1,0.9824786713467685,16.63310752271134
315000,1,1,0.9813820775492283,16.699830861581024
320000,1,1,0.9802455738149485,16.767791961267815
325000,1,1,0.9790692437547295,16.836970072538826
330000,1,1,0.9778532429375778,16.907343593348045
335000,1,1,0.9765977990686894,16.978890091252484
340000,1,1,0.9753032119664088,17.0515863258173
345000,1,1,0.9739698533394334,17.12540827101051
350000,1,1,0.9725981663667217,17.20033113758776
355000,1,1,0.9711886650826181,17.276329395467705
360000,1,1,0.9697419335706264,17.353376796098498
365000,1,1,0.9682586249698673,17.431446394815982
370000,1,1,0.9667394602988715,17.51051057319427
375000,1,1,0.9651852271019218,17.59054106138939
380000,1,1,0.9635967779236762,17.6715089604767
385000,1,1,0.9619750286183407,17.753384764782822
390000,1,1,0.9603209565001545,17.836138384212827
395000,1,1,0.9586355983423994,17.919739166573475
400000,1,1,0.9569200482325706,18.00415591989332
405000,1,1,0.9551754552917061,18.089356934740465
410000,1,1,0.9534030212662246,18.175310006538833
415000,1,1,0.951603998000915,18.261982457883747
420000,1,1,0.9497796848019808,18.349341160857666
425000,1,1,0.947931425699252,18.437352559346937
430000,1,1,0.9460606066168553,18.52598269136034
435000,1,1,0.9441686524617595,18.615197211350328
440000,1,1,0.9422570241397114,18.70496141253767
445000,1,1,0.9403272155079765,18.795240249240383
450000,1,1,0.9383807502746931,18.885998359207687
455000,1,1,0.9364191788541582,18.977200085959733
460000,1,1,0.9344440751875012,19.06880950113386
465000,1,1,0.9324570335380725,19.160790426838073
470000,1,1,0.9304596652707297,19.25310645801238
475000,1,1,0.928453595624011,19.34572098479865
480000,1,1,0.9264404604839513,19.438597214919614
485000,1,1,0.9244219031680525,19.53169819606748
490000,1,1,0.9223995712276639,19.624986838302775
495000,1,1,0.9203751132767231,19.718425936463788
500000,1,1,0.9183501758544884,19.811978192587112
505000,1,1,0.9163264003295559,19.90560623833957
510000,1,1,0.9143054198520925,19.99927265746193
515000,1,1,0.912288856360856,20.092940008224584
520000,1,1,0.910278317651192,20.18657084589549
525000,1,1,0.9082753945098049,20.28012774522042
530000,1,1,0.9062816579217098,20.37357332291572
535000,1,1,0.9042986563543765,20.466870260173575
540000,1,1,0.9023279131236742,20.559981325179717
545000,1,1,0.9003709238458674,20.652869395643602
550000,1,1,0.8984291539794367,20.745497481340802
555000,1,1,0.8965040364602151,20.837828746667554
560000,1,1,0.8945969694329045,20.929826533207134
565000,1,1,0.8927093140816879,21.021454382307766
570000,1,1,0.890842392562295,21.112676057671734
575000,1,1,0.8889974860375457,21.203455567955327
580000,1,1,0.8871758328180808,21.293757189379093
585000,1,1,0.8853786266096879,21.38354548834797
590000,1,1,0.8836070148683396,21.472785344080688
595000,1,1,0.8818620972637977,21.561441971247906
600000,1,1,0.8801449242523901,21.649480942618414
605000,1,1,0.8784564957593438,21.736868211712792
610000,1,1,0.8767977599708474,21.82357013546374
615000,1,1,0.8751696122358333,21.909553496882403
620000,1,1,0.8735728940773017,21.994785527729974
625000,1,1,0.8720083923128656,22.079233931193652
630000,1,1,0.8704768382840685,22.162866904566318
635000,1,1,0.8689789071939208,22.245653161928974
640000,1,1,0.8675152175520208,22.32756195683519
645000,1,1,0.8660863307264496,22.408563104996674
650000,1,1,0.8646927506018419,22.48862700696911
655000,1,1,0.8633349233426924,22.56772467083748
660000,1,1,0.862013237261066,22.64582773489989
665000,1,1,0.8607280227878555,22.722908490349187
670000,1,1,0.8594795525467304,22.79893990395147
675000,1,1,0.8582680415299149,22.873895640720672
680000,1,1,0.8570936473749323,22.947750086588385
685000,1,1,0.8559564707414711,23.02047837106824
690000,1,1,0.8548565557875483,23.09205638991397
695000,1,1,0.8537938907441704,23.162460827770506
700000,1,1,0.8527684085877032,23.23166918081735
705000,1,1,0.851779987809178,23.299659779403612
710000,1,1,0.8508284532797753,23.366411810674098
715000,1,1,0.8499135772117272,23.431905341185736
720000,1,1,0.8490350802138813,23.496121339514037
725000,1,1,0.8481926324411495,23.559041698848834
730000,1,1,0.8473858548370395,23.62064925957908
735000,1,1,0.8466143204684368,23.68092783186619
740000,1,1,0.8458775559517598,23.73986221820563
745000,1,1,0.8451750429692386,23.797438235976465
750000,1,1,0.8445062198747778,23.85364273997869
755000,1,1,0.8438704833878298,23.908463644958154
760000,1,1,0.8432671903739986,23.961889948118987
765000,1,1,0.8426956597108868,24.013911751623485
770000,1,1,0.8421551742375528,24.064520285079535
775000,1,1,0.8416449827856839,24.113707928015614
780000,1,1,0.8411643022903331,24.161468232343633
785000,1,1,0.8407123199778014,24.20779594480975
790000,1,1,0.8402881956279675,24.25268702943352
795000,1,1,0.8398910639080438,24.296138689935752
800000,1,1,0.8395200367743744,24.33814939215549
805000,1,1,0.8391742059385031,24.378718886456618
810000,1,1,0.8388526453933254,24.41784823012471
815000,1,1,0.8385544139947015,24.455539809754683
820000,1,1,0.8382785580934384,24.49179736363005
825000,1,1,0.8380241142120493,24.52662600409442
830000,1,1,0.8377901117601743,24.560032239916175
835000,1,1,0.8375755757820064,24.592023998647093
840000,1,1,0.8373795297284934,24.62261064897596
845000,1,1,0.8372009982463843,24.651803023078056
850000,1,1,0.8370390099758942,24.679613438961557
855000,1,1,0.8368926003477428,24.706055722812003
860000,1,1,0.8367608143698624,24.731145231335802
865000,1,1,0.8366427093933887,24.754898874103965
870000,1,1,0.8365373578468805,24.777335135897296
875000,1,1,0.8364438499270109,24.798474099054065
880000,1,1,0.8363612962332654,24.81833746582149
885000,1,1,0.8362888303334843,24.836948580712107
890000,1,1,0.8362256112463914,24.854332452866284
895000,1,1,0.8361708258265396,24.87051577842195
900000,1,1,0.8361236910364006,24.885526962892783
905000,1,1,0.8360834560896159,24.899396143555865
910000,1,1,0.8360494044487319,24.912155211849857
915000,1,1,0.8360208556600495,24.923837835784674
920000,1,1,0.8359971670075342,24.93447948236358
925000,1,1,0.8359777349670567,24.944117440018488
930000,1,1,0.8359619964415673,24.95279084105906
935000,1,1,0.8359494297571411,24.960540684136355
940000,1,1,0.8359395553991732,24.967409856721215
945000,1,1,0.8359319364676463,24.97344315759782
950000,1,1,0.8359261788290246,24.97868731937229
955000,1,1,0.8359219309425454,24.983191030996263
960000,1,1,0.8359188833376903,24.987004960305068
965000,1,1,0.8359167677190472,24.990181776569745
970000,1,1,0.835915355674142,24.99277617306204
975000,1,1,0.835914456959257,24.994844889631047
980000,1,1,0.8359139173376811,24.996446735289894
985000,1,1,0.8359136159442222,24.997642610810576
990000,1,1,0.8359134621491987,24.998495531324387
995000,1,1,0.8359133918944986,24.999070648925247
