time,species,patch,n,m,Tenv
0,1,1,1,15,15
5000,1,1,0.863771835667287,15.000000530108412,15.0000124064375
10000,1,1,0.7461017830448908,15.000008148528217,15.000098506
15000,1,1,0.644461680026385,15.000039652863958,15.0003299518125
20000,1,1,0.5566678763151435,15.00012054846518,15.000776192
25000,1,1,0.4808340337724772,15.000283272602926,15.0015044921875
30000,1,1,0.4153308783165008,15.000565728978799,15.002579958
35000,1,1,0.35875107467718786,15.001010049909024,15.0040655575625
40000,1,1,0.3098789922424253,15.001661566574423,15.006022144
45000,1,1,0.2676646060705769,15.002567950322332,15.0085084779375
50000,1,1,0.231200919706491,15.003778495381473,15.01158125
55000,1,1,0.1997045067658253,15.005343522990847,15.0152951033125
60000,1,1,0.17249866286549898,15.00731388398903,15.019702656
65000,1,1,0.14899887291071803,15.009740546326222,15.0248545236875
70000,1,1,0.12870025213038006,15.012674252648434,15.030799342
75000,1,1,0.11116670134307233,15.016165236978678,15.0375837890625
80000,1,1,0.09602153312658981,15.020262990569925,15.045252608
85000,1,1,0.08293937650271521,15.025016069234267,15.0538486294375
90000,1,1,0.07163919401922669,15.030471935700179,15.063412794
95000,1,1,0.06187823723164607,15.036676830582946,15.0739841748125
100000,1,1,0.05344683253852677,15.043675667999318,15.0856
105000,1,1,0.04616386907791029,15.05151195138856,15.0982956751875
110000,1,1,0.03987291150391545,15.060227706815247,15.112104806
115000,1,1,0.03443884010587716,15.069863430590836,15.1270592205625
120000,1,1,0.029744941384680534,15.08045804877325,15.143188992
125000,1,1,0.02569040442802075,15.092048887107758,15.1605224609375
130000,1,1,0.02218815231228266,15.104671649330824,15.179086258
135000,1,1,0.019162964416711045,15.11836040255377,15.1989053263125
140000,1,1,0.016549871872194866,15.13314756914164,15.220002944
145000,1,1,0.014292754476389979,15.149063923220709,15.2424007466875
150000,1,1,0.012343136716685143,15.16613859168604,15.26611875
155000,1,1,0.01065914153937561,15.184399058691689,15.2911753720625
160000,1,1,0.009204598007546997,15.203871173456806,15.317587456
165000,1,1,0.00794826245431693,15.224579160444188,15.3453702924375
170000,1,1,0.006863144223809195,15.2465456317021,15.374537642
175000,1,1,0.005925926019510439,15.269791601120072,15.4051017578125
180000,1,1,0.005116467349133192,15.294336500328825,15.437073408
185000,1,1,0.0044173694148957705,15.320198195782973,15.4704618981875
190000,1,1,0.003813603475914287,15.347393007049996,15.505275094
195000,1,1,0.0032921859043994984,15.375935725967356,15.5415194435625
200000,1,1,0.0028418990371723274,15.405839636636767,15.5792
205000,1,1,0.0024530531209797416,15.437116536153658,15.618320443937499
210000,1,1,0.002117278179784234,15.469776755850065,15.658883106
215000,1,1,0.001827343822078106,15.503829183007772,15.7008889893125
220000,1,1,0.0015770039152088115,15.539281282978774,15.744337792
225000,1,1,0.0013608615750219137,15.5761391216291,15.7892279296875
230000,1,1,0.0011742545687174926,15.614407388091733,15.835556558
235000,1,1,0.0010131559820442434,15.654089417733376,15.883319595062499
240000,1,1,8.740874846970055e-4,15.69518721528352,15.932511744
245000,1,1,7.540442087780089e-4,15.737701478103503,15.9831265154375
250000,1,1,6.504302575445304e-4,15.781631619571954,16.03515625
255000,1,1,5.610032682729509e-4,15.826975792552867,16.0885921408125
260000,1,1,4.8382642549316324e-4,15.873730912913192,16.143424256
265000,1,1,4.172268223789121e-4,15.921892683066154,16.1996415611875
270000,1,1,3.597594624153668e-4,15.971455615523427,16.257231942
275000,1,1,3.101762428943111e-4,16.02241305643985,16.3161822265625
280000,1,1,2.673992050511852e-4,16.074757209133516,16.376478208
285000,1,1,2.3049739780275731e-4,16.128479157565693,16.438104666937498
290000,1,1,1.986668531080742e-4,16.18356888976783,16.501045394
295000,1,1,1.7121328327087928e-4,16.240015321205266,16.5652832123125
300000,1,1,1.4753714914335044e-4,16.29780631806794,16.6308
305000,1,1,1.2712076710788165e-4,16.356928720479086,16.6975767126875
310000,1,1,1.0951716358744203e-4,16.41736836561396,16.765593406
315000,1,1,9.434043866656926e-5,16.479110110721976,16.8348292580625
320000,1,1,8.125743972913667e-5,16.542137856046484,16.905262592
325000,1,1,6.998057567784195e-5,16.606434567637997,16.9768708984375
330000,1,1,6.026160532827707e-5,16.67198230005571,17.049630858
335000,1,1,5.1886270042915015e-5,16.738762218954523,17.1235183638125
340000,1,1,4.466965641156482e-5,16.806754623555083,17.198508544
345000,1,1,3.845219110235272e-5,16.875938968995026,17.2745757841875
350000,1,1,3.309618140810947e-5,16.94629388856014,17.35169375
355000,1,1,2.8482826492796456e-5,17.017797215794854,17.4298354095625
360000,1,1,2.4509635313264997e-5,17.090426006492336,17.508973056000002
365000,1,1,2.108819634924386e-5,17.164156560564866,17.5890783299375
370000,1,1,1.814225150501158e-5,17.23896444379592,17.670122241999998
375000,1,1,1.560603268384146e-5,17.3148245094759,17.7520751953125
380000,1,1,1.3422825152326697e-5,17.391710919923963,17.834907008000002
385000,1,1,1.1543726851016063e-05,17.469597167899092,17.9185869356875
