time,species,patch,n,m,Tenv
0,1,1,1,15,15
5000,1,1,0.6283583052617931,15.000000054718088,15.0000124064375
10000,1,1,0.3948341975281387,15.000000867160963,15.000098506
15000,1,1,0.24809738844330773,15.00000434817796,15.0003299518125
20000,1,1,0.15589408587905582,15.000013611257932,15.000776192
25000,1,1,0.09795736892773192,15.000032913017039,15.0015044921875
30000,1,1,0.06155234607541452,15.000067595123705,15.002579958
35000,1,1,0.03867694724167515,15.00012402763532,15.0040655575625
40000,1,1,0.024302996210074788,15.000209553721886,15.006022144
45000,1,1,0.015271004317674001,15.000332435752288,15.0085084779375
50000,1,1,0.009595675647549684,15.000501802718938,15.01158125
55000,1,1,0.0060295350005964785,15.000727598977189,15.0152951033125
60000,1,1,0.003788718395125042,15.001020534276124,15.019702656
65000,1,1,0.0023806837927531762,15.001392035057739,15.0248545236875
70000,1,1,0.0014959316627436454,15.00185419700137,15.030799342
75000,1,1,9.399882525331304e-4,15.00241973879149,15.0375837890625
80000,1,1,5.906571143813877e-4,15.003101957086487,15.045252608
85000,1,1,3.7115119934763146e-4,15.003914682666064,15.0538486294375
90000,1,1,2.3322115142049063e-4,15.004872237736793,15.063412794
95000,1,1,1.4655277437596322e-4,15.005989394374934,15.0739841748125
100000,1,1,9.209099741539829e-5,15.00728133407963,15.0856
105000,1,1,5.7871889155052756e-5,15.008763608432407,15.0982956751875
110000,1,1,3.63697974800071e-5,15.010452100815126,15.112104806
115000,1,1,2.2856017320100367e-5,15.012362989194388,15.1270592205625
120000,1,1,1.4365270168348363e-5,15.014512709948068,15.143188992
