time,species,patch,n,m
0,1,1,1,15
5000,1,1,0.9999999999946969,15.000000388194831
10000,1,1,0.9999999997490917,15.000003238020966
15000,1,1,0.9999999968819628,15.000013111869709
20000,1,1,0.9999999791933041,15.000038583181631
25000,1,1,0.9999999059029256,15.000091226632277
30000,1,1,0.9999996724915902,15.000185252438586
35000,1,1,0.999999075263146,15.000336995201458
40000,1,1,0.9999977415732153,15.000565094345015
45000,1,1,0.9999950652834632,15.000890110028804
50000,1,1,0.9999900855813355,15.001334607450122
55000,1,1,0.9999813757745767,15.001922879699015
60000,1,1,0.9999669463939689,15.002680473114317
65000,1,1,0.9999441020614033,15.003634160064289
70000,1,1,0.9999092943330168,15.004811850708371
75000,1,1,0.9998579645110671,15.00624243032291
80000,1,1,0.9997844003199408,15.007955600238136
85000,1,1,0.9996815539082052,15.009981711805612
90000,1,1,0.9995408764029948,15.012351637092026
95000,1,1,0.9993521767562155,15.015096668149136
100000,1,1,0.9991034717212735,15.018248402012569
105000,1,1,0.9987808281532458,15.021838613388844
110000,1,1,0.9983682173230796,15.02589913641379
115000,1,1,0.9978473906719285,15.030461762113978
120000,1,1,0.9971977735203168,15.035558142868817
125000,1,1,0.9963963735704447,15.041219696499267
130000,1,1,0.9954177090413818,15.04747751070232
135000,1,1,0.9942337622577783,15.054362252207184
140000,1,1,0.992813963187245,15.061904081649702
145000,1,1,0.9911252051848051,15.07013257238913
150000,1,1,0.9891318954798759,15.079076631914194
155000,1,1,0.986796044112047,15.088764426146753
160000,1,1,0.984077395330734,15.099223307451627
165000,1,1,0.9809336048741972,15.110479746545815
170000,1,1,0.9773204659195196,15.122559268007816
175000,1,1,0.9731921862155625,15.135486389211248
180000,1,1,0.9685017186476462,15.149284562819647
185000,1,1,0.9632011468949925,15.163976123051814
190000,1,1,0.9572421269510786,15.179582235798568
195000,1,1,0.9505763842595493,15.196122852578343
200000,1,1,0.9431562651271267,15.213616668339345
205000,1,1,0.9349353398385479,15.232081083162287
210000,1,1,0.9258690534690893,15.251532167914037
215000,1,1,0.915915418748786,15.271984633864728
220000,1,1,0.905035743790576,15.293451806244319
225000,1,1,0.8931953860770339,15.315945601690258
230000,1,1,0.8803645207319842,15.339476509596235
235000,1,1,0.8665189117090459,15.364053577266223
240000,1,1,0.8516406715123093,15.389684398806121
245000,1,1,0.8357189937802357,15.416375107660821
250000,1,1,0.8187508417986615,15.444130372692916
255000,1,1,0.8007415753604327,15.472953397685545
260000,1,1,0.7817054973992472,15.502845924131439
265000,1,1,0.7616663011641897,15.533808237152535
270000,1,1,0.7406574043396111,15.565839174458919
275000,1,1,0.7187221473735996,15.59893613811047
280000,1,1,0.695913854615138,15.63309510879948
285000,1,1,0.6722957051468528,15.668310663172385
290000,1,1,0.6479404495195794,15.704575993122756
295000,1,1,0.622929974408173,15.741882926923692
300000,1,1,0.5973546628567822,15.780221952857376
305000,1,1,0.571312574980227,15.819582244744282
310000,1,1,0.544908465627613,15.859951689014363
315000,1,1,0.5182526467483527,15.901316913301725
320000,1,1,0.4914597123117612,15.9436633164834
325000,1,1,0.4646471382144989,15.98697510012087
330000,1,1,0.43793379420647305,16.031235300975187
335000,1,1,0.4114383924349458,16.07642582457491
340000,1,1,0.38527790888531704,16.122527479740327
345000,1,1,0.3595660100549775,16.169520013963293
350000,1,1,0.3344115208044119,16.21738214947659
355000,1,1,0.3099169688275922,16.26609162009709
360000,1,1,0.28617723902606795,16.315625208683187
365000,1,1,0.26327837178352664,16.365958785118256
370000,1,1,0.24129656545632122,16.417067344887435
375000,1,1,0.22029732630872212,16.46892504793974
380000,1,1,0.20033484745086286,16.52150525811463
385000,1,1,0.18145161674986787,16.574780583002223
390000,1,1,0.16367826498866894,16.628722914194835
395000,1,1,0.14703362804855374,16.683303467896337
400000,1,1,0.13152503626538778,16.738492825951912
405000,1,1,0.1171488027802153,16.794260977261434
410000,1,1,0.10389090339566308,16.85057735961971
415000,1,1,0.09172781303152013,16.907410901960397
420000,1,1,0.08062747900447981,16.964730067052443
425000,1,1,0.0705503881215336,17.02250289463729
430000,1,1,0.061450710072920814,17.080697045080438
435000,1,1,0.05327747308259571,17.139279843541633
440000,1,1,0.04597574306181828,17.198218324635615
445000,1,1,0.039487781099074214,17.257479277702277
450000,1,1,0.03375415011959989,17.317029292701143
455000,1,1,0.02871474843266908,17.37683480669716
460000,1,1,0.024309747923338353,17.436862151014154
465000,1,1,0.020480427506236902,17.49707759904834
470000,1,1,0.017169891892728485,17.557447414788435
475000,1,1,0.014323670109856836,17.617937902044776
480000,1,1,0.011890193194564502,17.678515454389657
485000,1,1,0.009821159889918496,17.7391466057923
490000,1,1,0.008071766218961387,17.79979808199716
495000,1,1,0.006600847851316546,17.860436852636322
500000,1,1,0.005370955052478062,17.921030183866648
505000,1,1,0.004348317238051977,17.981545691705975
510000,1,1,0.003502735209912377,18.0419513959852
515000,1,1,0.0028074337939052786,18.102215774771846
520000,1,1,0.0022388725332243096,18.162307819193988
525000,1,1,0.0017765191509155152,18.222197088627816
530000,1,1,0.0014026072155814266,18.281853766079855
535000,1,1,0.0011018805416209204,18.341248713695112
540000,1,1,8.613373598560099e-4,18.400353528197126
545000,1,1,6.699801259495719e-4,18.459140596094777
550000,1,1,5.185755320138273e-4,18.517583148473875
555000,1,1,3.9942663927410737e-4,18.57565531524347
560000,1,1,3.0616244101602173e-4,18.633332178534047
565000,1,1,2.3354633099360379e-4,18.690589825047237
570000,1,1,1.7730337898384004e-4,18.747405397112807
575000,1,1,1.3396803559980678e-4,18.80375714222081
580000,1,1,1.0075074803667036e-4,18.859624460750634
585000,1,1,7.541946612357664e-5,18.914987951582944
590000,1,1,5.619941964273129e-5,18.969829455355104
595000,1,1,4.1688666376716155e-5,19.024132095078134
600000,1,1,3.078707212673836e-5,19.07788031383479
605000,1,1,2.2636700291809176e-5,19.131059909282882
610000,1,1,1.6572383352872548e-5,19.18365806470453
615000,1,1,1.2081388142641846e-5,19.235663376360456
