time,species,patch,n,m,Tenv
0,1,1,1,15,15
5000,1,1,1372407052102405,15.00001052949531,15.0000124064375
10000,1,1,1883500066783353e15,15.000090642478868,15.000098506
15000,1,1,25849192415274855e29,15.000312103915784,15.0003299518125
20000,1,1,3547513114762709e45,15.000744486090728,15.000776192
25000,1,1,4868455174873793e60,15.00145517750071,15.0015044921875
30000,1,1,668097135912997e76,15.002509405345247,15.002579958
35000,1,1,9167617996950494e90,15.003970258015158,15.0040655575625
40000,1,1,12578376603712556e105,15.005898707580432,15.006022144
45000,1,1,17255265751767925e120,15.008353632277725,15.0085084779375
50000,1,1,23665743103793813e135,15.011391838997842,15.01158125
55000,1,1,3244792230249729e151,15.015068085773706,15.0152951033125
60000,1,1,4447160657871622e166,15.019435104268974,15.019702656
65000,1,1,6092040186393763e181,15.024543622267633,15.0248545236875
70000,1,1,834017828243092e197,15.03044238616485,15.030799342
75000,1,1,11409401599615594e211,15.037178183459126,15.0375837890625
80000,1,1,15594137480909608e226,15.044795865245996,15.045252608
85000,1,1,2129121824057131e242,15.053338368713334,15.0538486294375
90000,1,1,2903379419831964e257,15.062846739638315,15.063412794
95000,1,1,3953561956949947e272,15.073360154886128,15.0739841748125
100000,1,1,5374847457618127e287,15.084915944910353,15.0856
