time,species,patch,n,m,tl,Tenv
0,1,1,1,-58.29521609492119,R,-58.29521609492119
0,2,1,1,-58.29521609492119,R,-58.29521609492119
0,3,1,1,-58.29521609492119,R,-58.29521609492119
0,1,2,0.4748755072408814,-58.29521609492119,R,-55.854392300677475
0,2,2,0.4748755072408814,-58.29521609492119,R,-55.854392300677475
0,3,2,0.4748755072408814,-58.29521609492119,R,-55.854392300677475
0,1,3,0.05085329311268283,-58.29521609492119,R,-53.41356850643377
0,2,3,0.05085329311268283,-58.29521609492119,R,-53.41356850643377
0,3,3,0.05085329311268283,-58.29521609492119,R,-53.41356850643377
0,1,4,0.001228055329268596,-58.29521609492119,R,-50.97274471219006
0,2,4,0.001228055329268596,-58.29521609492119,R,-50.97274471219006
0,3,4,0.001228055329268596,-58.29521609492119,R,-50.97274471219006
0,1,5,6.6876929816287206e-6,-58.29521609492119,R,-48.531920917946344
0,2,5,6.6876929816287206e-6,-58.29521609492119,R,-48.531920917946344
0,3,5,6.6876929816287206e-6,-58.29521609492119,R,-48.531920917946344
0,1,6,8.212857006601453e-9,-58.29521609492119,R,-46.09109712370264
0,2,6,8.212857006601453e-9,-58.29521609492119,R,-46.09109712370264
0,3,6,8.212857006601453e-9,-58.29521609492119,R,-46.09109712370264
0,1,7,2.2744256078769493e-12,-58.29521609492119,R,-43.650273329458926
0,2,7,2.2744256078769493e-12,-58.29521609492119,R,-43.650273329458926
0,3,7,2.2744256078769493e-12,-58.29521609492119,R,-43.650273329458926
0,1,8,1.42039374914879e-16,-58.29521609492119,R,-41.209449535215214
0,2,8,1.42039374914879e-16,-58.29521609492119,R,-41.209449535215214
0,3,8,1.42039374914879e-16,-58.29521609492119,R,-41.209449535215214
0,1,9,2.0003468619646214e-21,-58.29521609492119,R,-38.7686257409715
0,2,9,2.0003468619646214e-21,-58.29521609492119,R,-38.7686257409715
0,3,9,2.0003468619646214e-21,-58.29521609492119,R,-38.7686257409715
0,1,10,6.3527447655630306e-27,-58.29521609492119,R,-36.327801946727796
0,2,10,6.3527447655630306e-27,-58.29521609492119,R,-36.327801946727796
0,3,10,6.3527447655630306e-27,-58.29521609492119,R,-36.327801946727796
0,1,11,4.549640127488891e-33,-58.29521609492119,R,-33.88697815248408
0,2,11,4.549640127488891e-33,-58.29521609492119,R,-33.88697815248408
0,3,11,4.549640127488891e-33,-58.29521609492119,R,-33.88697815248408
0,1,12,7.347713689999231e-40,-58.29521609492119,R,-31.446154358240374
0,2,12,7.347713689999231e-40,-58.29521609492119,R,-31.446154358240374
0,3,12,7.347713689999231e-40,-58.29521609492119,R,-31.446154358240374
0,1,13,2.6760051556439817e-47,-58.29521609492119,R,-29.005330563996665
0,2,13,2.6760051556439817e-47,-58.29521609492119,R,-29.005330563996665
0,3,13,2.6760051556439817e-47,-58.29521609492119,R,-29.005330563996665
0,1,14,2.197764769223221e-55,-58.29521609492119,R,-26.564506769752953
0,2,14,2.197764769223221e-55,-58.29521609492119,R,-26.564506769752953
0,3,14,2.197764769223221e-55,-58.29521609492119,R,-26.564506769752953
0,1,15,4.0703805049144455e-64,-58.29521609492119,R,-24.12368297550924
0,2,15,4.0703805049144455e-64,-58.29521609492119,R,-24.12368297550924
0,3,15,4.0703805049144455e-64,-58.29521609492119,R,-24.12368297550924
0,1,16,1.6999977745136987e-73,-58.29521609492119,R,-21.682859181265535
0,2,16,1.6999977745136987e-73,-58.29521609492119,R,-21.682859181265535
0,3,16,1.6999977745136987e-73,-58.29521609492119,R,-21.682859181265535
0,1,17,1.601110247072046e-83,-58.29521609492119,R,-19.242035387021822
0,2,17,1.601110247072046e-83,-58.29521609492119,R,-19.242035387021822
0,3,17,1.601110247072046e-83,-58.29521609492119,R,-19.242035387021822
0,1,18,3.4005852135954865e-94,-58.29521609492119,R,-16.80121159277811
0,2,18,3.4005852135954865e-94,-58.29521609492119,R,-16.80121159277811
0,3,18,3.4005852135954865e-94,-58.29521609492119,R,-16.80121159277811
0,1,19,1.6287169950093374e-105,-58.29521609492119,R,-14.360387798534404
0,2,19,1.6287169950093374e-105,-58.29521609492119,R,-14.360387798534404
0,3,19,1.6287169950093374e-105,-58.29521609492119,R,-14.360387798534404
0,1,20,1.759126759246637e-117,-58.29521609492119,R,-11.919564004290692
0,2,20,1.759126759246637e-117,-58.29521609492119,R,-11.919564004290692
0,3,20,1.759126759246637e-117,-58.29521609492119,R,-11.919564004290692
5000000,1,1,0.17613729836026532,-60.431112373567885,R,-58.287810370957004
5000000,2,1,0.9709512654004485,-55.80257324683948,R,-58.287810370957004
5000000,3,1,0.48741828755831434,-58.18977683299447,R,-58.287810370957004
5000000,1,2,0.16993355441646799,-59.18890267298199,R,-55.84690244515738
5000000,2,2,1.0087120310895292,-54.433760873995034,R,-55.84690244515738
5000000,3,2,0.49120126027272626,-56.874402734644725,R,-55.84690244515738
5000000,1,3,0.17143432755413987,-57.06514319862832,R,-53.40599451935776
5000000,2,3,1.0384539724264992,-52.27173725369306,R,-53.40599451935776
5000000,3,3,0.5014334031884259,-54.725610528192014,R,-53.40599451935776
5000000,1,4,0.17606203859440941,-54.67478840898475,R,-50.96508659355814
5000000,2,4,1.0694460108088857,-49.8854225043513,R,-50.96508659355814
5000000,3,4,0.5154498725133868,-52.33522691133182,R,-50.96508659355814
5000000,1,5,0.18179137331600112,-52.212386293514356,R,-48.52417866775851
5000000,2,5,1.102262173963538,-47.43944256521955,R,-48.52417866775851
5000000,3,5,0.531225903762258,-49.88008897474909,R,-48.52417866775851
5000000,1,6,0.18799011754298675,-49.73144972272139,R,-46.08327074195889
5000000,2,6,1.1370006281368883,-44.97858868985436,R,-46.08327074195889
5000000,3,6,0.5481143652802426,-47.408516845463666,R,-46.08327074195889
5000000,1,7,0.1944881665858478,-47.245656354862255,R,-43.64236281615927
5000000,2,7,1.1738037196613844,-42.514350341187466,R,-43.64236281615927
5000000,3,7,0.5659791925025022,-44.932892847681515,R,-43.64236281615927
5000000,1,8,0.20124723310649528,-44.758310402472496,R,-41.20145489035964
5000000,2,8,1.2128524273066095,-40.049532360468135,R,-41.20145489035964
5000000,3,8,0.5848392598168944,-42.456222858047525,R,-41.20145489035964
5000000,1,9,0.2082635440576105,-42.27015787773874,R,-38.76054696456002
5000000,2,9,1.2543564572871593,-37.58479994961527,R,-38.76054696456002
5000000,3,9,0.6047605970951363,-39.979199874665795,R,-38.76054696456002
5000000,1,10,0.2155411451705916,-39.78134511816457,R,-36.3196390387604
5000000,2,10,1.2985541139513912,-35.12032099526914,R,-36.3196390387604
5000000,3,10,0.6258275219153474,-37.50197673913711,R,-36.3196390387604
5000000,1,11,0.2230846679328923,-37.29188441681833,R,-33.87873111296078
5000000,2,11,1.3457159286499332,-32.656156100035915,R,-33.87873111296078
5000000,3,11,0.6481359979591521,-35.024587327454554,R,-33.87873111296078
5000000,1,12,0.2308970390857634,-34.801758746075954,R,-31.437823187161158
5000000,2,12,1.3961499932145862,-30.192346371881982,R,-31.437823187161158
5000000,3,12,0.6717929001335075,-32.54704121088948,R,-31.437823187161158
5000000,1,13,0.23897822739573962,-32.31094409250222,R,-28.996915261361536
5000000,2,13,1.4502086595073183,-27.728932480723117,R,-28.996915261361536
5000000,3,13,0.6969168280631693,-30.06934391680574,R,-28.996915261361536
5000000,1,14,0.24732396519320773,-29.819415077708125,R,-26.55600733556191
5000000,2,14,1.5082967872469415,-25.26595968007113,R,-26.55600733556191
5000000,3,14,0.7236393461472906,-27.591501982669424,R,-26.55600733556191
5000000,1,15,0.25592393593879154,-27.327154276446695,R,-24.115099409762287
5000000,2,15,1.5708819365222229,-22.80348443315771,R,-24.115099409762287
5000000,3,15,0.7521061948141243,-25.11353015132054,R,-24.115099409762287
5000000,1,16,0.2647577991906392,-24.834213781395178,R,-21.674191483962666
5000000,2,16,1.63850716533357,-20.341612587473787,R,-21.674191483962666
5000000,3,16,0.7824769323401896,-22.635496375018864,R,-21.674191483962666
5000000,1,17,0.27377648359649676,-22.341191713148614,R,-19.233283558163045
5000000,2,17,1.7118083715172125,-17.88078438044985,R,-19.233283558163045
5000000,3,17,0.8149104680115239,-20.157864687890566,R,-19.233283558163045
5000000,1,18,0.282752807232545,-19.853214921953462,R,-16.792375632363424
5000000,2,18,1.791549493308077,-15.424135955836244,R,-16.792375632363424
5000000,3,18,0.8494181889601504,-17.684352491537155,R,-16.792375632363424
5000000,1,19,0.289802607993104,-17.41505406913227,R,-14.351467706563803
5000000,2,19,1.8787591859390866,-12.999173758901396,R,-14.351467706563803
5000000,3,19,0.8842877363102838,-15.247896926503438,R,-14.351467706563803
5000000,1,20,0.27449973020464863,-15.421178738390168,R,-11.910559780764174
5000000,2,20,1.9702552778891729,-10.883552163236553,R,-11.910559780764174
5000000,3,20,0.8941765137440966,-13.166499282356865,R,-11.910559780764174
10000000,1,1,0.1761372983602653,-60.431112373567885,R,-58.223696003588685
10000000,2,1,0.9709512654004483,-55.802573246839486,R,-58.223696003588685
10000000,3,1,0.4874182875583144,-58.18977683299446,R,-58.223696003588685
10000000,1,2,0.169933554416468,-59.18890267298199,R,-55.78205971665797
10000000,2,2,1.008712031089529,-54.433760873995034,R,-55.78205971665797
10000000,3,2,0.4912012602727261,-56.874402734644725,R,-55.78205971665797
10000000,1,3,0.1714343275541399,-57.06514319862832,R,-53.34042342972725
10000000,2,3,1.0384539724264992,-52.27173725369306,R,-53.34042342972725
10000000,3,3,0.5014334031884259,-54.725610528192014,R,-53.34042342972725
10000000,1,4,0.17606203859440944,-54.67478840898475,R,-50.898787142796536
10000000,2,4,1.0694460108088855,-49.8854225043513,R,-50.898787142796536
10000000,3,4,0.5154498725133869,-52.33522691133183,R,-50.898787142796536
10000000,1,5,0.18179137331600115,-52.21238629351436,R,-48.45715085586582
10000000,2,5,1.1022621739635383,-47.439442565219544,R,-48.45715085586582
10000000,3,5,0.531225903762258,-49.88008897474909,R,-48.45715085586582
10000000,1,6,0.18799011754298678,-49.73144972272139,R,-46.0155145689351
10000000,2,6,1.1370006281368885,-44.97858868985436,R,-46.0155145689351
10000000,3,6,0.5481143652802426,-47.40851684546367,R,-46.0155145689351
10000000,1,7,0.19448816658584775,-47.245656354862255,R,-43.573878282004394
10000000,2,7,1.1738037196613842,-42.514350341187466,R,-43.573878282004394
10000000,3,7,0.565979192502502,-44.932892847681515,R,-43.573878282004394
10000000,1,8,0.20124723310649528,-44.758310402472496,R,-41.13224199507368
10000000,2,8,1.2128524273066097,-40.049532360468135,R,-41.13224199507368
10000000,3,8,0.5848392598168943,-42.45622285804753,R,-41.13224199507368
10000000,1,9,0.20826354405761047,-42.27015787773874,R,-38.69060570814296
10000000,2,9,1.2543564572871595,-37.58479994961526,R,-38.69060570814296
10000000,3,9,0.6047605970951363,-39.979199874665795,R,-38.69060570814296
10000000,1,10,0.21554114517059164,-39.78134511816458,R,-36.248969421212244
10000000,2,10,1.2985541139513914,-35.12032099526914,R,-36.248969421212244
10000000,3,10,0.6258275219153475,-37.50197673913711,R,-36.248969421212244
10000000,1,11,0.22308466793289225,-37.29188441681833,R,-33.80733313428153
10000000,2,11,1.345715928649933,-32.65615610003591,R,-33.80733313428153
10000000,3,11,0.648135997959152,-35.024587327454554,R,-33.80733313428153
10000000,1,12,0.2308970390857634,-34.80175874607595,R,-31.365696847350815
10000000,2,12,1.396149993214586,-30.192346371881975,R,-31.365696847350815
10000000,3,12,0.6717929001335078,-32.547041210889475,R,-31.365696847350815
10000000,1,13,0.23897822739573968,-32.31094409250222,R,-28.9240605604201
10000000,2,13,1.4502086595073185,-27.72893248072312,R,-28.9240605604201
10000000,3,13,0.6969168280631692,-30.06934391680574,R,-28.9240605604201
10000000,1,14,0.2473239651932078,-29.819415077708125,R,-26.482424273489382
10000000,2,14,1.508296787246942,-25.26595968007113,R,-26.482424273489382
10000000,3,14,0.7236393461472908,-27.591501982669424,R,-26.482424273489382
10000000,1,15,0.2559239359387917,-27.3271542764467,R,-24.04078798655867
10000000,2,15,1.5708819365222229,-22.80348443315771,R,-24.04078798655867
10000000,3,15,0.7521061948141243,-25.11353015132054,R,-24.04078798655867
10000000,1,16,0.26475779919063913,-24.834213781395178,R,-21.599151699627953
10000000,2,16,1.6385071653335705,-20.341612587473787,R,-21.599151699627953
10000000,3,16,0.7824769323401893,-22.635496375018864,R,-21.599151699627953
10000000,1,17,0.27377648359649676,-22.341191713148614,R,-19.157515412697236
10000000,2,17,1.7118083715172123,-17.88078438044985,R,-19.157515412697236
10000000,3,17,0.8149104680115238,-20.157864687890566,R,-19.157515412697236
10000000,1,18,0.282752807232545,-19.853214921953462,R,-16.71587912576652
10000000,2,18,1.791549493308077,-15.424135955836244,R,-16.71587912576652
10000000,3,18,0.8494181889601505,-17.684352491537155,R,-16.71587912576652
10000000,1,19,0.2898026079931039,-17.41505406913227,R,-14.274242838835804
10000000,2,19,1.8787591859390866,-12.999173758901396,R,-14.274242838835804
10000000,3,19,0.8842877363102838,-15.24789692650344,R,-14.274242838835804
10000000,1,20,0.2744997302046487,-15.421178738390168,R,-11.832606551905087
10000000,2,20,1.9702552778891727,-10.883552163236553,R,-11.832606551905087
10000000,3,20,0.8941765137440966,-13.166499282356865,R,-11.832606551905087
15000000,1,1,0.17813863818972064,-59.49551171097649,R,-57.74153511053177
15000000,2,1,0.9826717042905122,-54.868384486746976,R,-57.74153511053177
15000000,3,1,0.4929672146876121,-57.254363617397566,R,-57.74153511053177
15000000,1,2,0.17185574052072788,-58.26652678356778,R,-55.294421311027044
15000000,2,2,1.0198667790198905,-53.51478288433718,R,-55.294421311027044
15000000,3,2,0.49651055496952956,-55.95320778320293,R,-55.294421311027044
15000000,1,3,0.17339655763164386,-56.17836359940338,R,-52.84730751152231
15000000,2,3,1.0495040170504901,-51.390099873883,R,-52.84730751152231
15000000,3,3,0.5067664983991377,-53.84100902446924,R,-52.84730751152231
15000000,1,4,0.1780208016235766,-53.83467069509634,R,-50.40019371201758
15000000,2,4,1.080419395458133,-49.05103398652,R,-50.40019371201758
15000000,3,4,0.5207689388446493,-51.49764566318309,R,-50.40019371201758
15000000,1,5,0.18371140980991418,-51.42301192413718,R,-47.95307991251285
15000000,2,5,1.1131321424099025,-46.655868695063326,R,-47.95307991251285
15000000,3,5,0.5364856226343636,-49.09332204498573,R,-47.95307991251285
15000000,1,6,0.18985261393288536,-48.99412054793959,R,-45.50596611300812
15000000,2,6,1.1477349124362748,-44.24694827069565,R,-45.50596611300812
15000000,3,6,0.5532851402839043,-46.67376487808367,R,-45.50596611300812
15000000,1,7,0.1962815750190747,-46.56076156916836,R,-43.058852313503394
15000000,2,7,1.1843664158224125,-41.83496225769497,R,-43.058852313503394
15000000,3,7,0.5710380419250255,-44.250506255574784,R,-43.058852313503394
15000000,1,8,0.20296214375426713,-44.125971427415344,R,-40.61173851399866
15000000,2,8,1.2232023976053523,-39.422481032938045,R,-40.61173851399866
15000000,3,8,0.589763811228753,-41.826302854279746,R,-40.61173851399866
15000000,1,9,0.20989071720964578,-41.690424614834086,R,-38.16462471449393
15000000,2,9,1.2644459366059826,-37.01010634167599,R,-38.16462471449393
15000000,3,9,0.6095264915447511,-39.40178082757291,R,-38.16462471449393
15000000,1,10,0.2170708671874513,-39.25425035094613,R,-35.717510914989205
15000000,2,10,1.3083273427978026,-34.59798948391551,R,-35.717510914989205
15000000,3,10,0.6304072425101898,-36.977076404115145,R,-35.717510914989205
15000000,1,11,0.22450657119760045,-36.817457736186626,R,-33.27039711548447
15000000,2,11,1.3551075892989661,-32.18618617359526,R,-33.27039711548447
15000000,3,11,0.6524981300090988,-34.55221954483084,R,-33.27039711548447
15000000,1,12,0.23220008404754827,-34.38002990869493,R,-30.823283315979744
15000000,2,12,1.4050833191019059,-29.774735196362208,R,-30.823283315979744
15000000,3,12,0.6759014538954948,-32.12721884793881,R,-30.823283315979744
15000000,1,13,0.24015076439953809,-31.94194383411783,R,-28.376169516475013
15000000,2,13,1.4585931087865582,-27.3636752532139,R,-28.376169516475013
15000000,3,13,0.7007304989327141,-29.70207946171813,R,-28.376169516475013
15000000,1,14,0.2483538713687531,-29.503175294486688,R,-25.929055716970282
15000000,2,14,1.5160251543978431,-24.95304941298113,R,-25.929055716970282
15000000,3,14,0.7271106669948293,-27.276807556554825,R,-25.929055716970282
15000000,1,15,0.2567988594470479,-27.063707649419076,R,-23.481941917465555
15000000,2,15,1.5778267385592155,-22.542911312299044,R,-23.481941917465555
15000000,3,15,0.7551805651974278,-24.851417072842693,R,-23.481941917465555
15000000,1,16,0.2654656133343233,-24.623590667796172,R,-21.03482811796082
15000000,2,16,1.6445160797275564,-20.133361621786573,R,-21.03482811796082
15000000,3,16,0.7850915660767571,-22.425972732284112,R,-21.03482811796082
15000000,1,17,0.2743064483429267,-22.183399503828902,R,-18.587714318456094
15000000,2,17,1.7166983792354589,-17.724822810467373,R,-18.587714318456094
15000000,3,17,0.8169936609578461,-20.00092052358425,R,-18.587714318456094
15000000,1,18,0.28310096806275015,-19.748095794841053,R,-16.140600518951366
15000000,2,18,1.795098845847042,-15.320332053545823,R,-16.140600518951366
15000000,3,18,0.8508921662336129,-17.579860688388262,R,-16.140600518951366
15000000,1,19,0.29001321412748543,-17.361254099618463,R,-13.693486719446632
15000000,2,19,1.8806943455118785,-12.946704621568118,R,-13.693486719446632
15000000,3,19,0.8851070021141668,-15.19488878607317,R,-13.693486719446632
15000000,1,20,0.2751005193829108,-15.408741709358196,R,-11.246372919941905
15000000,2,20,1.9704432874995974,-10.875950090666606,R,-11.246372919941905
15000000,3,20,0.8948845647940251,-13.15746297063558,R,-11.246372919941905
20000000,1,1,0.1859984806202511,-56.49919586944442,R,-54.19941390395704
20000000,2,1,1.0165757383940985,-51.897113494068584,R,-54.19941390395704
20000000,3,1,0.5113824509300878,-54.27018431538753,R,-54.19941390395704
20000000,1,2,0.17918660165469913,-55.17158893345456,R,-51.712060396655424
20000000,2,2,1.0578788443669127,-50.441428590104486,R,-51.712060396655424
20000000,3,2,0.5155008417926931,-52.868133030551085,R,-51.712060396655424
20000000,1,3,0.1811270573403462,-52.96007233085064,R,-49.22470688935381
20000000,2,3,1.0910107444209078,-48.196847351266364,R,-49.22470688935381
20000000,3,3,0.5272305718480257,-50.63442122942729,R,-49.22470688935381
20000000,1,4,0.186343484397987,-50.50036118077737,R,-46.737353382052206
20000000,2,4,1.1257397227870976,-45.745004695804134,R,-46.737353382052206
20000000,3,4,0.5430318646385581,-48.17678431067343,R,-46.737353382052206
20000000,1,5,0.19264923876436713,-47.978790829503176,R,-44.24999987475059
20000000,2,5,1.1626283472858845,-43.24236360925604,R,-44.24999987475059
20000000,3,5,0.5606959168393667,-45.66379712366147,R,-44.24999987475059
20000000,1,6,0.19942056864096813,-45.44248849705936,R,-41.76264636744898
20000000,2,6,1.201821795649137,-40.728180269460665,R,-41.76264636744898
20000000,3,6,0.5795962010137309,-43.13789189218059,R,-41.76264636744898
20000000,1,7,0.206504071564808,-42.90248557310516,R,-39.27529286014737
20000000,2,7,1.2435179816955626,-38.2116937490407,R,-39.27529286014737
20000000,3,7,0.5996320678395194,-40.60903566794806,R,-39.27529286014737
20000000,1,8,0.21386860771026076,-40.36120477622171,R,-36.787939352845754
20000000,2,8,1.2879582862435182,-35.69497012064879,R,-36.787939352845754
20000000,3,8,0.6208503091440124,-38.0794349583912,R,-36.787939352845754
20000000,1,9,0.22151150436171263,-37.81913305738017,R,-34.30058584554415
20000000,2,9,1.3354212002751082,-33.17846630866754,R,-34.30058584554415
20000000,3,9,0.64334147547011,-35.549551932612665,R,-34.30058584554415
20000000,1,10,0.2294347567910007,-35.27634566428834,R,-31.813232338242532
20000000,2,10,1.3862252788339344,-30.66230211540023,R,-31.813232338242532
20000000,3,10,0.6672148991857415,-33.019480113841226,R,-31.813232338242532
20000000,1,11,0.23763873577021752,-32.732834278007864,R,-29.325878830940923
20000000,2,11,1.440735685564726,-28.146533882704727,R,-29.325878830940923
20000000,3,11,0.6925939305616365,-30.489240350766018,R,-29.325878830940923
20000000,1,12,0.24611978985452784,-30.188573321154905,R,-26.83852532363931
20000000,2,12,1.4993728749146082,-25.631210122758425,R,-26.83852532363931
20000000,3,12,0.7196160889867501,-27.958840660127645,R,-26.83852532363931
20000000,1,13,0.25486836777245203,-27.643532482156147,R,-24.351171816337697
20000000,2,13,1.562623458422228,-23.116382607685242,R,-24.351171816337697
20000000,3,13,0.7484344082197344,-25.428287681402846,R,-24.351171816337697
20000000,1,14,0.263866766889932,-25.097679260357996,R,-21.863818309036084
20000000,2,14,1.6310537764090036,-20.602109239746603,R,-21.863818309036084
20000000,3,14,0.7792190933784334,-22.897589121096896,R,-21.863818309036084
20000000,1,15,0.2730860722970926,-22.550982443296625,R,-19.37646480173448
20000000,2,15,1.7053269779574856,-18.088457152288576,R,-19.37646480173448
20000000,3,15,0.8121591645614388,-20.366756520175645,R,-19.37646480173448
20000000,1,16,0.2824812342499502,-20.003438712757777,R,-16.889111294432865
20000000,2,16,1.7862247963295634,-15.575519146136543,R,-16.889111294432865
20000000,3,16,0.8474631793357665,-17.835824152500305,R,-16.889111294432865
20000000,1,17,0.29197627672067133,-17.455316907909573,R,-14.401757787131253
20000000,2,17,1.8746765606539717,-13.063552416634003,R,-14.401757787131253
20000000,3,17,0.885351167475956,-15.305018137058157,R,-14.401757787131253
20000000,1,18,0.30135334352968673,-14.909609747954926,R,-11.91440427982964
20000000,2,18,1.9718101956366654,-10.554344957350231,R,-11.91440427982964
20000000,3,18,0.9259501002156912,-12.77644314235252,R,-11.91440427982964
20000000,1,19,0.30896571702899855,-12.398223376419077,R,-9.427050772528027
20000000,2,19,2.0791649848994727,-8.066427246453863,R,-9.427050772528027
20000000,3,19,0.967924020926822,-10.272699005114173,R,-9.427050772528027
20000000,1,20,0.2938704782545408,-10.261096496552623,R,-6.939697265226414
20000000,2,20,2.1958911176077263,-5.831084940648981,R,-6.939697265226414
20000000,3,20,0.9850239174013693,-8.06210363311728,R,-6.939697265226414
25000000,1,1,5.727099193219547e-9,-56.48486338883961,R,-33.39871631439664
25000000,2,1,1.3546693962817742,-32.217391668397994,R,-33.39871631439664
25000000,3,1,5.911173773683132e-9,-54.241797261111806,R,-33.39871631439664
25000000,1,2,5.726372916379514e-9,-55.16780195772469,R,-30.67505977166484
25000000,2,2,1.4054014745839285,-30.18808053001566,R,-30.67505977166484
25000000,3,2,5.908664373037925e-9,-52.86817666909826,R,-30.67505977166484
25000000,1,3,5.724789270604243e-9,-52.95882983250317,R,-27.951403228933042
25000000,2,3,1.4636839441751663,-27.58718328568397,R,-27.951403228933042
25000000,3,3,5.9030793675992275e-9,-50.63270272328499,R,-27.951403228933042
25000000,1,4,5.722619389348457e-9,-50.49986070024995,R,-25.227746686201243
25000000,2,4,1.5282080255318393,-24.91459223283585,R,-25.227746686201243
25000000,3,4,5.895321993378271e-9,-48.175102382466285,R,-25.227746686201243
25000000,1,5,5.720051550665829e-9,-47.9785928006396,R,-22.504090143469448
25000000,2,5,1.5984783452232239,-22.233908287972866,R,-22.504090143469448
25000000,3,5,5.8860449197433015e-9,-45.66241866648661,R,-22.504090143469448
25000000,1,6,5.717239430513481e-9,-45.44246904171976,R,-19.780433600737652
25000000,2,6,1.6750960686588172,-19.55230289940849,R,-19.780433600737652
25000000,3,6,5.875796288827031e-9,-43.13681861931448,R,-19.780433600737652
25000000,1,7,5.714311750931998e-9,-42.902603048003236,R,-17.056777058005853
25000000,2,7,1.7589389766858647,-16.87050441326136,R,-17.056777058005853
25000000,3,7,5.865046551218112e-9,-40.60824254282962,R,-17.056777058005853
25000000,1,8,5.711374646028075e-9,-40.36143873171728,R,-14.333120515274054
25000000,2,8,1.8510770057924406,-14.188579985018324,R,-14.333120515274054
25000000,3,8,5.854192603053805e-9,-38.07889029885068,R,-14.333120515274054
25000000,1,9,5.708513156817541e-9,-37.81946931841815,R,-11.609463972542258
25000000,2,9,1.9528045435498511,-11.506535940748137,R,-11.609463972542258
25000000,3,9,5.843559885808702e-9,-35.549219128434444,R,-11.609463972542258
25000000,1,10,5.70579312482852e-9,-35.27677328671871,R,-8.885807429810463
25000000,2,10,2.06570015084179,-8.824373615109042,R,-8.885807429810463
25000000,3,10,5.833406306199385e-9,-33.01932033018422,R,-8.885807429810463
25000000,1,11,5.70326350402692e-9,-32.73334532823409,R,-6.162150887078663
25000000,2,11,2.1917088177317945,-6.142093972265124,R,-6.162150887078663
25000000,3,11,5.82392837554896e-9,-30.48921587390926,R,-6.162150887078663
25000000,1,12,5.70095901245367e-9,-30.189163157287446,R,-3.4384943443468643
25000000,2,12,2.3332547590461785,-3.459697943616746,R,-3.4384943443468643
25000000,3,12,5.8152690989976896e-9,-27.958918021137016,R,-3.4384943443468643
25000000,1,13,5.698902921911093e-9,-27.644199939091227,R,-0.7148378016150687
25000000,2,13,2.4933986010661937,-0.7771864495158963,R,-0.7148378016150687
25000000,3,13,5.807526963296143e-9,-25.428439953677092,R,-0.7148378016150687
25000000,1,14,5.697109766368244e-9,-25.098426616367345,R,2.008818741116727
25000000,2,14,2.6760607362800797,1.9054395994198954,R,2.008818741116727
25000000,3,14,5.800765327260112e-9,-22.897797237871874,R,2.008818741116727
25000000,1,15,5.695587833778339e-9,-22.55181527331264,R,4.73247528384853
25000000,2,15,2.886345764134873,4.588179302122405,R,4.73247528384853
25000000,3,15,5.7950214715191625e-9,-20.36700959192189,R,4.73247528384853
25000000,1,16,5.694341254230439e-9,-20.004366510471954,R,7.456131826580325
25000000,2,16,3.131025691886002,7.271031766091109,R,7.456131826580325
25000000,3,16,5.79031472271647e-9,-17.836119326548715,R,7.456131826580325
25000000,1,17,5.693371655144379e-9,-17.45636275622623,R,10.17978836931212
25000000,2,17,3.4192804620967028,9.953996061626647,R,10.17978836931212
25000000,3,17,5.7866531678834466e-9,-15.305365702898994,R,10.17978836931212
25000000,1,18,5.69267936126263e-9,-14.910919361439653,R,12.903444912043916
25000000,2,18,3.7638706194583973,12.637068252143608,R,12.903444912043916
25000000,3,18,5.784038768550087e-9,-12.776938771596605,R,12.903444912043916
25000000,1,19,5.692264171546121e-9,-12.401268965999758,R,15.627101454775712
25000000,2,19,4.183026104165842,15.319993234143427,R,15.627101454775712
25000000,3,19,5.782470875363839e-9,-10.274466825304263,R,15.627101454775712
25000000,1,20,5.69212580704658e-9,-10.282068020674703,R,18.350757997507515
25000000,2,20,4.697480148757247,17.975073559655144,R,18.350757997507515
25000000,3,20,5.7819483868881535e-9,-8.083436989698257,R,18.350757997507515
