time,species,patch,n,m,tl,Tenv
0,1,1,1,-58.29521609492119,R,-58.29521609492119
0,2,1,1,-58.29521609492119,R,-58.29521609492119
0,3,1,1,-58.29521609492119,R,-58.29521609492119
0,1,2,0.4748755072408814,-58.29521609492119,R,-55.854392300677475
0,2,2,0.4748755072408814,-58.29521609492119,R,-55.854392300677475
0,3,2,0.4748755072408814,-58.29521609492119,R,-55.854392300677475
0,1,3,0.05085329311268283,-58.29521609492119,R,-53.41356850643377
0,2,3,0.05085329311268283,-58.29521609492119,R,-53.41356850643377
0,3,3,0.05085329311268283,-58.29521609492119,R,-53.41356850643377
0,1,4,0.001228055329268596,-58.29521609492119,R,-50.97274471219006
0,2,4,0.001228055329268596,-58.29521609492119,R,-50.97274471219006
0,3,4,0.001228055329268596,-58.29521609492119,R,-50.97274471219006
0,1,5,6.6876929816287206e-6,-58.29521609492119,R,-48.531920917946344
0,2,5,6.6876929816287206e-6,-58.29521609492119,R,-48.531920917946344
0,3,5,6.6876929816287206e-6,-58.29521609492119,R,-48.531920917946344
0,1,6,8.212857006601453e-9,-58.29521609492119,R,-46.09109712370264
0,2,6,8.212857006601453e-9,-58.29521609492119,R,-46.09109712370264
0,3,6,8.212857006601453e-9,-58.29521609492119,R,-46.09109712370264
0,1,7,2.2744256078769493e-12,-58.29521609492119,R,-43.650273329458926
0,2,7,2.2744256078769493e-12,-58.29521609492119,R,-43.650273329458926
0,3,7,2.2744256078769493e-12,-58.29521609492119,R,-43.650273329458926
0,1,8,1.42039374914879e-16,-58.29521609492119,R,-41.209449535215214
0,2,8,1.42039374914879e-16,-58.29521609492119,R,-41.209449535215214
0,3,8,1.42039374914879e-16,-58.29521609492119,R,-41.209449535215214
0,1,9,2.0003468619646214e-21,-58.29521609492119,R,-38.7686257409715
0,2,9,2.0003468619646214e-21,-58.29521609492119,R,-38.7686257409715
0,3,9,2.0003468619646214e-21,-58.29521609492119,R,-38.7686257409715
0,1,10,6.3527447655630306e-27,-58.29521609492119,R,-36.327801946727796
0,2,10,6.3527447655630306e-27,-58.29521609492119,R,-36.327801946727796
0,3,10,6.3527447655630306e-27,-58.29521609492119,R,-36.327801946727796
0,1,11,4.549640127488891e-33,-58.29521609492119,R,-33.88697815248408
0,2,11,4.549640127488891e-33,-58.29521609492119,R,-33.88697815248408
0,3,11,4.549640127488891e-33,-58.29521609492119,R,-33.88697815248408
0,1,12,7.347713689999231e-40,-58.29521609492119,R,-31.446154358240374
0,2,12,7.347713689999231e-40,-58.29521609492119,R,-31.446154358240374
0,3,12,7.347713689999231e-40,-58.29521609492119,R,-31.446154358240374
0,1,13,2.6760051556439817e-47,-58.29521609492119,R,-29.005330563996665
0,2,13,2.6760051556439817e-47,-58.29521609492119,R,-29.005330563996665
0,3,13,2.6760051556439817e-47,-58.29521609492119,R,-29.005330563996665
0,1,14,2.197764769223221e-55,-58.29521609492119,R,-26.564506769752953
0,2,14,2.197764769223221e-55,-58.29521609492119,R,-26.564506769752953
0,3,14,2.197764769223221e-55,-58.29521609492119,R,-26.564506769752953
0,1,15,4.0703805049144455e-64,-58.29521609492119,R,-24.12368297550924
0,2,15,4.0703805049144455e-64,-58.29521609492119,R,-24.12368297550924
0,3,15,4.0703805049144455e-64,-58.29521609492119,R,-24.12368297550924
0,1,16,1.6999977745136987e-73,-58.29521609492119,R,-21.682859181265535
0,2,16,1.6999977745136987e-73,-58.29521609492119,R,-21.682859181265535
0,3,16,1.6999977745136987e-73,-58.29521609492119,R,-21.682859181265535
0,1,17,1.601110247072046e-83,-58.29521609492119,R,-19.242035387021822
0,2,17,1.601110247072046e-83,-58.29521609492119,R,-19.242035387021822
0,3,17,1.601110247072046e-83,-58.29521609492119,R,-19.242035387021822
0,1,18,3.4005852135954865e-94,-58.29521609492119,R,-16.80121159277811
0,2,18,3.4005852135954865e-94,-58.29521609492119,R,-16.80121159277811
0,3,18,3.4005852135954865e-94,-58.29521609492119,R,-16.80121159277811
0,1,19,1.6287169950093374e-105,-58.29521609492119,R,-14.360387798534404
0,2,19,1.6287169950093374e-105,-58.29521609492119,R,-14.360387798534404
0,3,19,1.6287169950093374e-105,-58.29521609492119,R,-14.360387798534404
0,1,20,1.759126759246637e-117,-58.29521609492119,R,-11.919564004290692
0,2,20,1.759126759246637e-117,-58.29521609492119,R,-11.919564004290692
0,3,20,1.759126759246637e-117,-58.29521609492119,R,-11.919564004290692
5000000,1,1,2.776297867843951e-8,-58.30916002465868,R,-58.287810370957004
5000000,2,1,0.9803605573949038,-57.4802543477762,R,-58.287810370957004
5000000,3,1,0.46889304079418465,-60.01770495412126,R,-58.287810370957004
5000000,1,2,1.0004303768381862e-6,-56.94243610969714,R,-55.84690244515738
5000000,2,2,1.0082963447072952,-55.035135071185564,R,-55.84690244515738
5000000,3,2,0.4823151805330184,-57.56464959065032,R,-55.84690244515738
5000000,1,3,0.16862288419069013,-57.28163439986992,R,-53.40599451935776
5000000,2,3,1.0380491999610977,-52.450417114116995,R,-53.40599451935776
5000000,3,3,0.4982915558383143,-54.91953367881281,R,-53.40599451935776
5000000,1,4,0.1744286299502873,-54.79424993489709,R,-50.96508659355814
5000000,2,4,1.0691864747791204,-49.98091764457598,R,-50.96508659355814
5000000,3,4,0.5136373602981272,-52.43965693817544,R,-50.96508659355814
5000000,1,5,0.18047171165177714,-52.30319668969279,R,-48.52417866775851
5000000,2,5,1.102062253910216,-47.51119984584395,R,-48.52417866775851
5000000,3,5,0.5297648406641778,-49.95885090417069,R,-48.52417866775851
5000000,1,6,0.18674364929360324,-49.81176351844653,R,-46.08327074195889
5000000,2,6,1.1368271008761703,-45.04179839104777,R,-46.08327074195889
5000000,3,6,0.5467330510156456,-47.47801416648672,R,-46.08327074195889
5000000,1,7,0.1932531856204893,-47.31993862114741,R,-43.64236281615927
5000000,2,7,1.1736483577975716,-42.57273787877239,R,-43.64236281615927
5000000,3,7,0.5646070627613882,-44.9971514148935,R,-43.64236281615927
5000000,1,8,0.20000877935274647,-44.82770167610284,R,-41.20145489035964
5000000,2,8,1.2127137365565912,-40.10404117078926,R,-41.20145489035964
5000000,3,8,0.5834585900142107,-42.51626296037028,R,-41.20145489035964
5000000,1,9,0.2070182504062069,-42.335030968745,R,-38.76054696456002
5000000,2,9,1.2542345054034858,-37.6357334688638,R,-38.76054696456002
5000000,3,9,0.6033667122413999,-40.03534942314417,R,-38.76054696456002
5000000,1,10,0.2142884095736971,-39.84190330698335,R,-36.3196390387604
5000000,2,10,1.2984493069307252,-35.16784263738216,R,-36.3196390387604
5000000,3,10,0.624418762489988,-37.5544118134054,R,-36.3196390387604
5000000,1,11,0.22182456561060884,-37.34829390631779,R,-33.87873111296078
5000000,2,11,1.345628744886947,-32.70039955596545,R,-33.87873111296078
5000000,3,11,0.6467113261396429,-35.07345160337492,R,-33.87873111296078
5000000,1,12,0.22962986974010668,-34.85417626934444,R,-31.437823187161158
5000000,2,12,1.396080927081493,-30.23343852744438,R,-31.437823187161158
5000000,3,12,0.6703513584643725,-32.5924708116798,R,-31.437823187161158
5000000,1,13,0.23770444447138642,-32.359522061665004,R,-28.996915261361536
5000000,2,13,1.4501582058619051,-27.766997750949717,R,-28.996915261361536
5000000,3,13,0.6954574265561155,-30.111472101978507,R,-28.996915261361536
5000000,1,14,0.2460442252976937,-29.86430098747462,R,-26.55600733556191
5000000,2,14,1.508265430165062,-25.301119871510526,R,-26.55600733556191
5000000,3,14,0.722161075109889,-27.630458897808516,R,-26.55600733556191
5000000,1,15,0.25463941874841484,-27.368480670162135,R,-24.115099409762287
5000000,2,15,1.5708701211874376,-22.835852619471254,R,-24.115099409762287
5000000,3,15,0.7506083046081372,-25.14943551561527,R,-24.115099409762287
5000000,1,16,0.2634724457635864,-24.87202654640325,R,-21.674191483962666
5000000,2,16,1.6385151177073858,-20.371249555124468,R,-21.674191483962666
5000000,3,16,0.7809611314481075,-22.66840731767816,R,-21.674191483962666
5000000,1,17,0.27251519171581456,-22.374901787092732,R,-19.233283558163045
5000000,2,17,1.7118344223231567,-17.90737093610219,R,-19.233283558163045
5000000,3,17,0.813399167434158,-20.187380886030503,R,-19.233283558163045
5000000,1,18,0.2817253179586422,-19.87706727870065,R,-16.792375632363424
5000000,2,18,1.7915732391717674,-15.44428473467044,R,-16.792375632363424
5000000,3,18,0.8481211019791127,-17.706364226400254,R,-16.792375632363424
5000000,1,19,0.2910409605528125,-17.37849038954396,R,-14.351467706563803
5000000,2,19,1.87861358943463,-12.98207315145187,R,-14.351467706563803
5000000,3,19,0.8853455245131568,-15.22537339346708,R,-14.351467706563803
5000000,1,20,0.3000895987873839,-14.885210803590686,R,-11.910559780764174
5000000,2,20,1.974027026383953,-10.525146949457518,R,-11.910559780764174
5000000,3,20,0.92497255278944,-12.749375880540175,R,-11.910559780764174
10000000,1,1,2.7959807024282848e-8,-58.32345263107174,R,-58.223696003588685
10000000,2,1,0.9803605576125477,-57.48025435292924,R,-58.223696003588685
10000000,3,1,0.4688930405836613,-60.017704963502666,R,-58.223696003588685
10000000,1,2,1.0004303729356415e-6,-56.94243611298437,R,-55.78205971665797
10000000,2,2,1.0082963447071438,-55.035135071217184,R,-55.78205971665797
10000000,3,2,0.4823151805324152,-57.564649590685846,R,-55.78205971665797
10000000,1,3,0.16862288419068783,-57.281634399870065,R,-53.34042342972725
10000000,2,3,1.0380491999610963,-52.45041711411714,R,-53.34042342972725
10000000,3,3,0.49829155583831186,-54.919533678812954,R,-53.34042342972725
10000000,1,4,0.17442862995028727,-54.7942499348971,R,-50.898787142796536
10000000,2,4,1.0691864747791204,-49.98091764457597,R,-50.898787142796536
10000000,3,4,0.513637360298127,-52.43965693817544,R,-50.898787142796536
10000000,1,5,0.18047171165177714,-52.30319668969278,R,-48.45715085586582
10000000,2,5,1.102062253910216,-47.51119984584395,R,-48.45715085586582
10000000,3,5,0.5297648406641774,-49.958850904170696,R,-48.45715085586582
10000000,1,6,0.1867436492936036,-49.81176351844652,R,-46.0155145689351
10000000,2,6,1.1368271008761701,-45.04179839104777,R,-46.0155145689351
10000000,3,6,0.5467330510156453,-47.47801416648673,R,-46.0155145689351
10000000,1,7,0.1932531856204893,-47.319938621147415,R,-43.573878282004394
10000000,2,7,1.1736483577975718,-42.57273787877237,R,-43.573878282004394
10000000,3,7,0.5646070627613881,-44.9971514148935,R,-43.573878282004394
10000000,1,8,0.2000087793527463,-44.82770167610284,R,-41.13224199507368
10000000,2,8,1.2127137365565912,-40.10404117078926,R,-41.13224199507368
10000000,3,8,0.5834585900142106,-42.51626296037029,R,-41.13224199507368
10000000,1,9,0.20701825040620692,-42.335030968744995,R,-38.69060570814296
10000000,2,9,1.254234505403485,-37.63573346886381,R,-38.69060570814296
10000000,3,9,0.6033667122413997,-40.03534942314417,R,-38.69060570814296
10000000,1,10,0.21428840957369688,-39.84190330698335,R,-36.248969421212244
10000000,2,10,1.2984493069307257,-35.167842637382165,R,-36.248969421212244
10000000,3,10,0.624418762489988,-37.55441181340541,R,-36.248969421212244
10000000,1,11,0.22182456561060873,-37.34829390631779,R,-33.80733313428153
10000000,2,11,1.3456287448869468,-32.70039955596545,R,-33.80733313428153
10000000,3,11,0.6467113261396432,-35.07345160337492,R,-33.80733313428153
10000000,1,12,0.22962986974010688,-34.85417626934445,R,-31.365696847350815
10000000,2,12,1.3960809270814931,-30.233438527444388,R,-31.365696847350815
10000000,3,12,0.6703513584643727,-32.592470811679824,R,-31.365696847350815
10000000,1,13,0.23770444447138653,-32.359522061665004,R,-28.9240605604201
10000000,2,13,1.450158205861904,-27.766997750949717,R,-28.9240605604201
10000000,3,13,0.6954574265561158,-30.111472101978507,R,-28.9240605604201
10000000,1,14,0.24604422529769363,-29.86430098747462,R,-26.482424273489382
10000000,2,14,1.5082654301650622,-25.301119871510526,R,-26.482424273489382
10000000,3,14,0.7221610751098885,-27.63045889780851,R,-26.482424273489382
10000000,1,15,0.2546394187484149,-27.368480670162135,R,-24.04078798655867
10000000,2,15,1.5708701211874363,-22.835852619471254,R,-24.04078798655867
10000000,3,15,0.750608304608137,-25.149435515615274,R,-24.04078798655867
10000000,1,16,0.26347244576358664,-24.87202654640325,R,-21.599151699627953
10000000,2,16,1.6385151177073847,-20.371249555124464,R,-21.599151699627953
10000000,3,16,0.7809611314481081,-22.668407317678152,R,-21.599151699627953
10000000,1,17,0.2725151917158148,-22.374901787092732,R,-19.157515412697236
10000000,2,17,1.711834422323157,-17.907370936102186,R,-19.157515412697236
10000000,3,17,0.8133991674341587,-20.187380886030503,R,-19.157515412697236
10000000,1,18,0.2817253179586419,-19.877067278700657,R,-16.71587912576652
10000000,2,18,1.791573239171769,-15.444284734670447,R,-16.71587912576652
10000000,3,18,0.8481211019791117,-17.706364226400257,R,-16.71587912576652
10000000,1,19,0.2910409605528108,-17.378490389543998,R,-14.274242838835804
10000000,2,19,1.8786135894346303,-12.98207315145189,R,-14.274242838835804
10000000,3,19,0.8853455245131551,-15.225373393467107,R,-14.274242838835804
10000000,1,20,0.30008959878738767,-14.885210803590606,R,-11.832606551905087
10000000,2,20,1.9740270263839526,-10.525146949457469,R,-11.832606551905087
10000000,3,20,0.9249725527894439,-12.749375880540116,R,-11.832606551905087
15000000,1,1,3.360615439694391e-8,-58.32614184963637,R,-57.74153511053177
15000000,2,1,0.9915274379445872,-56.48265543198139,R,-57.74153511053177
15000000,3,1,0.47441264264907784,-59.01623424139818,R,-57.74153511053177
15000000,1,2,9.377997309829458e-7,-56.037636455953034,R,-55.294421311027044
15000000,2,2,1.0194306455441564,-54.088856241000165,R,-55.294421311027044
15000000,3,2,0.4878058866240148,-56.61450226101159,R,-55.294421311027044
15000000,1,3,0.17070326499019509,-56.38097460210991,R,-52.84730751152231
15000000,2,3,1.0491191086286291,-51.55703639851511,R,-52.84730751152231
15000000,3,3,0.5037547408772169,-54.02231761224366,R,-52.84730751152231
15000000,1,4,0.17646022190185892,-53.94630792412711,R,-50.40019371201758
15000000,2,4,1.0801756889295748,-49.1401561569871,R,-50.40019371201758
15000000,3,4,0.5190364232876767,-51.595161081188856,R,-50.40019371201758
15000000,1,5,0.182447587322299,-51.50813503821396,R,-47.95307991251285
15000000,2,5,1.1129444692939578,-46.7230848282384,R,-47.95307991251285
15000000,3,5,0.5350853220743321,-49.16712767454808,R,-47.95307991251285
15000000,1,6,0.1886568946093181,-49.06959281511996,R,-45.50596611300812
15000000,2,6,1.147571932375927,-44.30632286067327,R,-45.50596611300812
15000000,3,6,0.5519588049846438,-46.73906506187506,R,-45.50596611300812
15000000,1,7,0.1950962594324658,-46.630669760523936,R,-43.058852313503394
15000000,2,7,1.1842205508528636,-41.889893827751706,R,-43.058852313503394
15000000,3,7,0.5697197026937751,-44.31097764296032,R,-43.058852313503394
15000000,1,8,0.20177347134114093,-44.191346462196506,R,-40.61173851399866
15000000,2,8,1.2230723049579417,-39.47381976802939,R,-40.61173851399866
15000000,3,8,0.5884371481866683,-41.882865790813824,R,-40.61173851399866
15000000,1,9,0.20869565005750143,-41.75160220338602,R,-38.16462471449393
15000000,2,9,1.2643316920890895,-37.05812494077242,R,-38.16462471449393
15000000,3,9,0.6081872479383399,-39.4547301771508,R,-38.16462471449393
15000000,1,10,0.21586888672316157,-39.31141488528005,R,-35.717510914989205
15000000,2,10,1.3082293237619478,-34.642836126282354,R,-35.717510914989205
15000000,3,10,0.629053904971137,-37.02657184732143,R,-35.717510914989205
15000000,1,11,0.2232977695392783,-36.870760922490234,R,-33.27039711548447
15000000,2,11,1.3550262361423135,-32.22798295394302,R,-33.27039711548447
15000000,3,11,0.6511297411805801,-34.59839228758852,R,-33.27039711548447
15000000,1,12,0.23098475691191772,-34.42961513391263,R,-30.823283315979744
15000000,2,12,1.4050190852908826,-29.813598280781104,R,-30.823283315979744
15000000,3,12,0.6745171255803507,-32.17019350359427,R,-30.823283315979744
15000000,1,13,0.2389293493637671,-31.987950630908063,R,-28.376169516475013
15000000,2,13,1.458546447031065,-27.399718629241928,R,-28.376169516475013
15000000,3,13,0.6993293123829928,-29.74197811171435,R,-28.376169516475013
15000000,1,14,0.24712699500678298,-29.545738705911837,R,-25.929055716970282
15000000,2,14,1.5159965063063052,-24.986384694297513,R,-25.929055716970282
15000000,3,14,0.7256916870447279,-27.31374944500638,R,-25.929055716970282
15000000,1,15,0.25556764095578893,-27.102948726456038,R,-23.481941917465555
15000000,2,15,1.5778165083233686,-22.573641931651583,R,-23.481941917465555
15000000,3,15,0.7537431081616279,-24.88551167541987,R,-23.481941917465555
15000000,1,16,0.2642338124256908,-24.659548042430437,R,-21.03482811796082
15000000,2,16,1.6445244626905857,-20.161541240580505,R,-21.03482811796082
15000000,3,16,0.7836373156571362,-22.457269953688844,R,-21.03482811796082
15000000,1,17,0.2730980592190907,-22.21550191876679,R,-18.587714318456094
15000000,2,17,1.7167237553087553,-17.750139756751544,R,-18.587714318456094
15000000,3,17,0.8155443465973111,-20.029030567745615,R,-18.587714318456094
15000000,1,18,0.282119551028133,-19.770773524679775,R,-16.140600518951366
15000000,2,18,1.7951215504605849,-15.339501779349943,R,-16.140600518951366
15000000,3,18,0.8496518515253279,-17.600801128217455,R,-16.140600518951366
15000000,1,19,0.2912391941493322,-17.32533245765355,R,-13.693486719446632
15000000,2,19,1.8805522138346977,-12.929705033419637,R,-13.693486719446632
15000000,3,19,0.8861657771660103,-15.172596998468626,R,-13.693486719446632
15000000,1,20,0.30009516284784066,-14.88509133595925,R,-11.246372919941905
15000000,2,20,1.9740266487459042,-10.525062875869386,R,-11.246372919941905
15000000,3,20,0.9249791459547788,-12.749279256505558,R,-11.246372919941905
20000000,1,1,0.1668437221992331,-58.2063014014296,R,-54.19941390395704
20000000,2,1,1.0266438279966605,-53.37078266935636,R,-54.19941390395704
20000000,3,1,0.49307163297457607,-55.841942312086005,R,-54.19941390395704
20000000,1,2,0.1722999014924257,-55.695000621290205,R,-51.712060396655424
20000000,2,2,1.057731439427647,-50.87414816788767,R,-51.712060396655424
20000000,3,2,0.5080021728598723,-53.33680334709515,R,-51.712060396655424
20000000,1,3,0.178389772655717,-53.15122014670588,R,-49.22470688935381
20000000,2,3,1.0906663679578963,-48.35189138048424,R,-49.22470688935381
20000000,3,3,0.5241839224103085,-50.80335233459976,R,-49.22470688935381
20000000,1,4,0.18471710611932587,-50.60690819467426,R,-46.737353382052206
20000000,2,4,1.1255169834293681,-45.829841679797035,R,-46.737353382052206
20000000,3,4,0.5412230861251577,-48.26974307763892,R,-46.737353382052206
20000000,1,5,0.1912893573282425,-48.06219346306146,R,-44.24999987475059
20000000,2,5,1.1624546500452755,-43.30813990592531,R,-44.24999987475059
20000000,3,5,0.5591846486143511,-45.73610605081948,R,-44.24999987475059
20000000,1,6,0.19811567281221748,-45.51705534286064,R,-41.76264636744898
20000000,2,6,1.2016723068141217,-40.78681018720889,R,-41.76264636744898
20000000,3,6,0.578142747854707,-43.20244202572539,R,-41.76264636744898
20000000,1,7,0.20520461134555015,-42.97147113742048,R,-39.27529286014737
20000000,2,7,1.2433874249243082,-38.26587862022133,R,-39.27529286014737
20000000,3,7,0.5981792785910569,-40.66875155946271,R,-39.27529286014737
20000000,1,8,0.21256375622578313,-40.425416573652996,R,-36.787939352845754
20000000,2,8,1.2878460356696884,-35.745374099865685,R,-36.787939352845754
20000000,3,8,0.6193848362839263,-38.13503561180453,R,-36.787939352845754
20000000,1,9,0.2201992073506769,-37.87886567864105,R,-34.30058584554415
20000000,2,9,1.3353275827838056,-33.22532869832795,R,-34.30058584554415
20000000,3,9,0.641859793204779,-35.60129562402429,R,-34.30058584554415
20000000,1,10,0.2281149014668243,-35.33179064714919,R,-31.813232338242532
20000000,2,10,1.3861508007931158,-30.705778102443812,R,-31.813232338242532
20000000,3,10,0.6657155070810847,-33.067533609112665,R,-31.813232338242532
20000000,1,11,0.23631170321649309,-32.784161704435945,R,-29.325878830940923
20000000,2,11,1.440680882386129,-28.18676212222545,R,-29.325878830940923
20000000,3,11,0.6910756697744402,-30.533752257646576,R,-29.325878830940923
20000000,1,12,0.2447861894516333,-30.235946967772403,R,-26.83852532363931
20000000,2,12,1.4993382780025404,-25.668325283295804,R,-26.83852532363931
20000000,3,12,0.7180777973139416,-27.99995506158492,R,-26.83852532363931
20000000,1,13,0.2535290214777906,-27.687112312295813,R,-24.351171816337697
20000000,2,13,1.5626095797309867,-23.150517518189552,R,-24.351171816337697
20000000,3,13,0.7468748510740416,-25.46614645827673,R,-24.351171816337697
20000000,1,14,0.26252276142547304,-25.137621250269028,R,-21.863818309036084
20000000,2,14,1.6310610910730567,-20.63339497391703,R,-21.863818309036084
20000000,3,14,0.7776369595297161,-22.93233199674331,R,-21.863818309036084
20000000,1,15,0.2717389355076369,-22.58743483815666,R,-19.37646480173448
20000000,2,15,1.7053558917627645,-18.11702095571455,R,-19.37646480173448
20000000,3,15,0.8105531750923187,-20.398518527638284,R,-19.37646480173448
20000000,1,16,0.28113407241089367,-20.03651163428359,R,-16.889111294432865
20000000,2,16,1.7862754989741227,-15.601467029238437,R,-16.889111294432865
20000000,3,16,0.8458331414927774,-17.86471441688844,R,-16.889111294432865
20000000,1,17,0.29064434091256297,-17.48480774307717,R,-14.401757787131253
20000000,2,17,1.8747476430324115,-13.086814305047643,R,-14.401757787131253
20000000,3,17,0.8837084480759929,-15.330929780386066,R,-14.401757787131253
20000000,1,18,0.3001782648579299,-14.932277009366,R,-11.91440427982964
20000000,2,18,1.9718822793621469,-10.57315493253072,R,-11.91440427982964
20000000,3,18,0.9244332809317815,-12.797176736783657,R,-11.91440427982964
20000000,1,19,0.3096065434069417,-12.37887685626205,R,-9.427050772528027
20000000,2,19,2.0790188779246197,-8.060596938063288,R,-9.427050772528027
20000000,3,19,0.968283439388344,-10.26347348240765,R,-9.427050772528027
20000000,1,20,0.31847955812971773,-9.82932661511439,R,-6.939697265226414
20000000,2,20,2.1978189040050866,-5.5525325302508035,R,-6.939697265226414
20000000,3,20,1.015223562872799,-7.733637355689178,R,-6.939697265226414
25000000,1,1,6.432123491419073e-9,-58.20355191853447,R,-33.39871631439664
25000000,2,1,1.3477346410644917,-32.98938023142378,R,-33.39871631439664
25000000,3,1,7.007043947380365e-9,-55.829576711999856,R,-33.39871631439664
25000000,1,2,6.4155052690921735e-9,-55.69294149303152,R,-30.67505977166484
25000000,2,2,1.4029184656271385,-30.3153976262487,R,-30.67505977166484
25000000,3,2,6.939287633647556e-9,-53.32681945923732,R,-30.67505977166484
25000000,1,3,6.387803992554423e-9,-53.14956766794913,R,-27.951403228933042
25000000,2,3,1.4626967335940557,-27.631232178768972,R,-27.951403228933042
25000000,3,3,6.828593861993434e-9,-50.79506763093308,R,-27.951403228933042
25000000,1,4,6.358857873935116e-9,-50.60563626414518,R,-25.227746686201243
25000000,2,4,1.5274131507716506,-24.947049502481025,R,-25.227746686201243
25000000,3,4,6.715368740125129e-9,-48.26294793727308,R,-25.227746686201243
25000000,1,5,6.332346649223775e-9,-48.06127430589863,R,-22.504090143469448
25000000,2,5,1.597705373061705,-22.262865563699037,R,-22.504090143469448
25000000,3,5,6.613547522779193e-9,-45.73061672341229,R,-22.504090143469448
25000000,1,6,6.3094243353406275e-9,-45.51645907009442,R,-19.780433600737652
25000000,2,6,1.6743262232680174,-19.578680395037065,R,-19.780433600737652
25000000,3,6,6.526615839559936e-9,-43.19809212514126,R,-19.780433600737652
25000000,1,7,6.290301624784025e-9,-42.97116597017217,R,-17.056777058005853
25000000,2,7,1.7581703919017624,-16.89449400680235,R,-17.056777058005853
25000000,3,7,6.4545292593317605e-9,-40.665388662282325,R,-17.056777058005853
25000000,1,8,6.274821457127066e-9,-40.425369717106456,R,-14.333120515274054
25000000,2,8,1.850309494950241,-14.21030640916053,R,-14.333120515274054
25000000,3,8,6.396137201078588e-9,-38.1325188615261,R,-14.333120515274054
25000000,1,9,6.2626606532528544e-9,-37.879044423374786,R,-11.609463972542258
25000000,2,9,1.9520380649026923,-11.52611761216445,R,-11.609463972542258
25000000,3,9,6.349949395429907e-9,-35.59949248047153,R,-11.609463972542258
25000000,1,10,6.2534100864274326e-9,-35.33216358716239,R,-8.885807429810463
25000000,2,10,2.0649346683516194,-8.841927625755732,R,-8.885807429810463
25000000,3,10,6.314372062985067e-9,-33.06631893186547,R,-8.885807429810463
25000000,1,11,6.246618009825037e-9,-32.784700068668975,R,-6.162150887078663
25000000,2,11,2.1909442882598156,-6.15773645976624,R,-6.162150887078663
25000000,3,11,6.287790498711179e-9,-30.53300960767511,R,-6.162150887078663
25000000,1,12,6.241822558944798e-9,-30.236625925998233,R,-3.4384943443468643
25000000,2,12,2.3324911290739965,-3.4735441239195524,R,-3.4384943443468643
25000000,3,12,6.268615502637505e-9,-27.999578873877407,R,-3.4384943443468643
25000000,1,13,6.238579806688094e-9,-27.68791207602943,R,-0.7148378016150687
25000000,2,13,2.4926358031213085,-0.7893506278323327,R,-0.7148378016150687
25000000,3,13,6.255327806117761e-9,-25.466044581067955,R,-0.7148378016150687
25000000,1,14,6.236487759213509e-9,-25.1385278060627,R,2.008818741116727
25000000,2,14,2.6752986838676733,1.8948440189843523,R,2.008818741116727
25000000,3,14,6.246527681455855e-9,-22.932428077941232,R,2.008818741116727
25000000,1,15,6.2352043598100435e-9,-22.588440202451157,R,4.73247528384853
25000000,2,15,2.8855843442917446,4.579039807123748,R,4.73247528384853
25000000,3,15,6.240984730205991e-9,-20.398753670809853,R,4.73247528384853
25000000,1,16,6.234457357918748e-9,-20.037613613602133,R,7.456131826580325
25000000,2,16,3.130264754023002,7.263236727282374,R,7.456131826580325
25000000,3,16,6.23767811908494e-9,-17.865047409868083,R,7.456131826580325
25000000,1,17,6.23404559295087e-9,-17.48600929896494,R,10.17978836931212
25000000,2,17,3.4185198058984647,9.947434770258985,R,10.17978836931212
25000000,3,17,6.235817461576367e-9,-15.33133570103119,R,10.17978836931212
25000000,1,18,6.233832200526011e-9,-14.933585424120757,R,12.903444912043916
25000000,2,18,3.7631103890099036,12.631633926950638,R,12.903444912043916
25000000,3,18,6.234839067401398e-9,-12.797644243832083,R,12.903444912043916
25000000,1,19,6.233733056193314e-9,-12.380303152018831,R,15.627101454775712
25000000,2,19,4.1823100076939275,15.315834161535617,R,15.627101454775712
25000000,3,19,6.234380651353692e-9,-10.264001704388836,R,15.627101454775712
25000000,1,20,6.233704177995713e-9,-9.831114849634998,R,18.350757997507515
25000000,2,20,4.70317240256126,17.999749233874336,R,18.350757997507515
25000000,3,20,6.234246355562798e-9,-7.734471690413556,R,18.350757997507515
