time,species,patch,n,m,tl,Tenv
0,1,1,1,-75.65077735344678,R,-75.65077735344678
0,2,1,1,-75.65077735344678,R,-75.65077735344678
0,3,1,1,-75.65077735344678,R,-75.65077735344678
0,4,1,1,-75.65077735344678,R,-75.65077735344678
0,1,2,0.311162114120051,-75.65077735344678,R,-72.5947129099529
0,2,2,0.311162114120051,-75.65077735344678,R,-72.5947129099529
0,3,2,0.311162114120051,-75.65077735344678,R,-72.5947129099529
0,4,2,0.311162114120051,-75.65077735344678,R,-72.5947129099529
0,1,3,0.009374472818559555,-75.65077735344678,R,-69.53864846645904
0,2,3,0.009374472818559555,-75.65077735344678,R,-69.53864846645904
0,3,3,0.009374472818559555,-75.65077735344678,R,-69.53864846645904
0,4,3,0.009374472818559555,-75.65077735344678,R,-69.53864846645904
0,1,4,2.7345157043594336e-5,-75.65077735344678,R,-66.48258402296516
0,2,4,2.7345157043594336e-5,-75.65077735344678,R,-66.48258402296516
0,3,4,2.7345157043594336e-5,-75.65077735344678,R,-66.48258402296516
0,4,4,2.7345157043594336e-5,-75.65077735344678,R,-66.48258402296516
0,1,5,7.72302457295848e-9,-75.65077735344678,R,-63.426519579471275
0,2,5,7.72302457295848e-9,-75.65077735344678,R,-63.426519579471275
0,3,5,7.72302457295848e-9,-75.65077735344678,R,-63.426519579471275
0,4,5,7.72302457295848e-9,-75.65077735344678,R,-63.426519579471275
0,1,6,2.1118731979908845e-13,-75.65077735344678,R,-60.3704551359774
0,2,6,2.1118731979908845e-13,-75.65077735344678,R,-60.3704551359774
0,3,6,2.1118731979908845e-13,-75.65077735344678,R,-60.3704551359774
0,4,6,2.1118731979908845e-13,-75.65077735344678,R,-60.3704551359774
0,1,7,5.591414489043995e-19,-75.65077735344678,R,-57.31439069248353
0,2,7,5.591414489043995e-19,-75.65077735344678,R,-57.31439069248353
0,3,7,5.591414489043995e-19,-75.65077735344678,R,-57.31439069248353
0,4,7,5.591414489043995e-19,-75.65077735344678,R,-57.31439069248353
0,1,8,1.4333391508811573e-25,-75.65077735344678,R,-54.25832624898965
0,2,8,1.4333391508811573e-25,-75.65077735344678,R,-54.25832624898965
0,3,8,1.4333391508811573e-25,-75.65077735344678,R,-54.25832624898965
0,4,8,1.4333391508811573e-25,-75.65077735344678,R,-54.25832624898965
0,1,9,3.557538974480688e-33,-75.65077735344678,R,-51.20226180549577
0,2,9,3.557538974480688e-33,-75.65077735344678,R,-51.20226180549577
0,3,9,3.557538974480688e-33,-75.65077735344678,R,-51.20226180549577
0,4,9,3.557538974480688e-33,-75.65077735344678,R,-51.20226180549577
0,1,10,8.549166924975575e-42,-75.65077735344678,R,-48.1461973620019
0,2,10,8.549166924975575e-42,-75.65077735344678,R,-48.1461973620019
0,3,10,8.549166924975575e-42,-75.65077735344678,R,-48.1461973620019
0,4,10,8.549166924975575e-42,-75.65077735344678,R,-48.1461973620019
0,1,11,1.9891674967249468e-51,-75.65077735344678,R,-45.09013291850802
0,2,11,1.9891674967249468e-51,-75.65077735344678,R,-45.09013291850802
0,3,11,1.9891674967249468e-51,-75.65077735344678,R,-45.09013291850802
0,4,11,1.9891674967249468e-51,-75.65077735344678,R,-45.09013291850802
0,1,12,4.4811794795877025e-62,-75.65077735344678,R,-42.034068475014145
0,2,12,4.4811794795877025e-62,-75.65077735344678,R,-42.034068475014145
0,3,12,4.4811794795877025e-62,-75.65077735344678,R,-42.034068475014145
0,4,12,4.4811794795877025e-62,-75.65077735344678,R,-42.034068475014145
0,1,13,9.774324429229252e-74,-75.65077735344678,R,-38.97800403152027
0,2,13,9.774324429229252e-74,-75.65077735344678,R,-38.97800403152027
0,3,13,9.774324429229252e-74,-75.65077735344678,R,-38.97800403152027
0,4,13,9.774324429229252e-74,-75.65077735344678,R,-38.97800403152027
0,1,14,2.0642133790557395e-86,-75.65077735344678,R,-35.92193958802639
0,2,14,2.0642133790557395e-86,-75.65077735344678,R,-35.92193958802639
0,3,14,2.0642133790557395e-86,-75.65077735344678,R,-35.92193958802639
0,4,14,2.0642133790557395e-86,-75.65077735344678,R,-35.92193958802639
0,1,15,4.220810499544679e-100,-75.65077735344678,R,-32.86587514453252
0,2,15,4.220810499544679e-100,-75.65077735344678,R,-32.86587514453252
0,3,15,4.220810499544679e-100,-75.65077735344678,R,-32.86587514453252
0,4,15,4.220810499544679e-100,-75.65077735344678,R,-32.86587514453252
0,1,16,8.356233112433916e-115,-75.65077735344678,R,-29.809810701038636
0,2,16,8.356233112433916e-115,-75.65077735344678,R,-29.809810701038636
0,3,16,8.356233112433916e-115,-75.65077735344678,R,-29.809810701038636
0,4,16,8.356233112433916e-115,-75.65077735344678,R,-29.809810701038636
0,1,17,1.6017645094985316e-130,-75.65077735344678,R,-26.753746257544762
0,2,17,1.6017645094985316e-130,-75.65077735344678,R,-26.753746257544762
0,3,17,1.6017645094985316e-130,-75.65077735344678,R,-26.753746257544762
0,4,17,1.6017645094985316e-130,-75.65077735344678,R,-26.753746257544762
0,1,18,2.9727624977334365e-147,-75.65077735344678,R,-23.69768181405089
0,2,18,2.9727624977334365e-147,-75.65077735344678,R,-23.69768181405089
0,3,18,2.9727624977334365e-147,-75.65077735344678,R,-23.69768181405089
0,4,18,2.9727624977334365e-147,-75.65077735344678,R,-23.69768181405089
0,1,19,5.3418930351846965e-165,-75.65077735344678,R,-20.641617370557007
0,2,19,5.3418930351846965e-165,-75.65077735344678,R,-20.641617370557007
0,3,19,5.3418930351846965e-165,-75.65077735344678,R,-20.641617370557007
0,4,19,5.3418930351846965e-165,-75.65077735344678,R,-20.641617370557007
0,1,20,9.294019698226742e-184,-75.65077735344678,R,-17.585552927063134
0,2,20,9.294019698226742e-184,-75.65077735344678,R,-17.585552927063134
0,3,20,9.294019698226742e-184,-75.65077735344678,R,-17.585552927063134
0,4,20,9.294019698226742e-184,-75.65077735344678,R,-17.585552927063134
1000,1,1,4.843653392166079e-8,-75.65055595266259,R,-75.6507737118771
1000,2,1,0.8182661582450691,-75.63320355542972,R,-75.6507737118771
1000,3,1,3.5311319569260295e-8,-75.65076921954231,R,-75.6507737118771
1000,4,1,6.172118017507989e-8,-75.64995229310247,R,-75.6507737118771
1000,1,2,4.9346421528045834e-8,-75.64952319119135,R,-72.59470921203427
1000,2,2,0.7762977484756665,-75.55961650035785,R,-72.59470921203427
1000,3,2,3.593691591487595e-8,-75.65073037049586,R,-72.59470921203427
1000,4,2,6.29660366892537e-8,-75.64612187000493,R,-72.59470921203427
1000,1,3,5.159140492728217e-8,-75.64850232475858,R,-69.53864471219146
1000,2,3,0.6815266074753048,-75.50250627756594,R,-69.53864471219146
1000,3,3,3.748553031607798e-8,-75.65068247747942,R,-69.53864471219146
1000,4,3,6.603057807735737e-8,-75.64235610716094,R,-69.53864471219146
1000,1,4,5.52785551377445e-8,-75.64748163595515,R,-66.48258021234864
1000,2,4,0.5501031363524258,-75.47168603272962,R,-66.48258021234864
1000,3,4,3.982986727582641e-8,-75.6505806038173,R,-66.48258021234864
1000,4,4,7.102944916699034e-8,-75.63870953046374,R,-66.48258021234864
1000,1,5,6.006847032372075e-8,-75.6494394017842,R,-63.426515712505825
1000,2,5,0.40339013335962176,-75.4699179648482,R,-63.426515712505825
1000,3,5,1.2803817297041782e-8,-75.65077736358772,R,-63.426515712505825
1000,4,5,7.832584892363687e-8,-75.63787122996193,R,-63.426515712505825
1000,1,6,4.2875797047801875e-9,-75.65077735350776,R,-60.370451212663006
1000,2,6,0.2624558260652288,-75.49067502580624,R,-60.370451212663006
1000,3,6,1.7916275080458938e-10,-75.65077735344678,R,-60.370451212663006
1000,4,6,8.78241103155068e-8,-75.64269512442479,R,-60.370451212663006
1000,1,7,5.4612847219718275e-11,-75.65077735344678,R,-57.31438671282019
1000,2,7,0.14266318351593307,-75.52337958363049,R,-57.31438671282019
1000,3,7,8.917078431822765e-13,-75.65077735344678,R,-57.31438671282019
1000,4,7,3.9822841200973957e-8,-75.65077730063337,R,-57.31438671282019
1000,1,8,1.4333391508811573e-25,-75.65077735344678,R,-54.258322212977376
1000,2,8,0.05113451342256153,-75.55675869999304,R,-54.258322212977376
1000,3,8,1.4333391508811573e-25,-75.65077735344678,R,-54.258322212977376
1000,4,8,6.686457094687869e-10,-75.65077735344674,R,-54.258322212977376
1000,1,9,3.557538974480688e-33,-75.65077735344678,R,-51.20225771313456
1000,2,9,6.911888486233164e-5,-75.56075551010471,R,-51.20225771313456
1000,3,9,3.557538974480688e-33,-75.65077735344678,R,-51.20225771313456
1000,4,9,5.580245550016969e-12,-75.65077735344678,R,-51.20225771313456
1000,1,10,8.549166924975575e-42,-75.65077735344678,R,-48.14619321329174
1000,2,10,2.3649499785723947e-7,-75.65073530653157,R,-48.14619321329174
1000,3,10,8.549166924975575e-42,-75.65077735344678,R,-48.14619321329174
1000,4,10,8.549166924975575e-42,-75.65077735344678,R,-48.14619321329174
1000,1,11,1.9891674967249468e-51,-75.65077735344678,R,-45.09012871344892
1000,2,11,2.065566799368928e-9,-75.65077735344606,R,-45.09012871344892
1000,3,11,1.9891674967249468e-51,-75.65077735344678,R,-45.09012871344892
1000,4,11,1.9891674967249468e-51,-75.65077735344678,R,-45.09012871344892
1000,1,12,4.4811794795877025e-62,-75.65077735344678,R,-42.0340642136061
1000,2,12,9.471060983394463e-12,-75.65077735344678,R,-42.0340642136061
1000,3,12,4.4811794795877025e-62,-75.65077735344678,R,-42.0340642136061
1000,4,12,4.4811794795877025e-62,-75.65077735344678,R,-42.0340642136061
1000,1,13,9.774324429229252e-74,-75.65077735344678,R,-38.97799971376328
1000,2,13,9.774324429229252e-74,-75.65077735344678,R,-38.97799971376328
1000,3,13,9.774324429229252e-74,-75.65077735344678,R,-38.97799971376328
1000,4,13,9.774324429229252e-74,-75.65077735344678,R,-38.97799971376328
1000,1,14,2.0642133790557395e-86,-75.65077735344678,R,-35.92193521392046
1000,2,14,2.0642133790557395e-86,-75.65077735344678,R,-35.92193521392046
1000,3,14,2.0642133790557395e-86,-75.65077735344678,R,-35.92193521392046
1000,4,14,2.0642133790557395e-86,-75.65077735344678,R,-35.92193521392046
1000,1,15,4.220810499544679e-100,-75.65077735344678,R,-32.86587071407765
1000,2,15,4.220810499544679e-100,-75.65077735344678,R,-32.86587071407765
1000,3,15,4.220810499544679e-100,-75.65077735344678,R,-32.86587071407765
1000,4,15,4.220810499544679e-100,-75.65077735344678,R,-32.86587071407765
1000,1,16,8.356233112433916e-115,-75.65077735344678,R,-29.809806214234833
1000,2,16,8.356233112433916e-115,-75.65077735344678,R,-29.809806214234833
1000,3,16,8.356233112433916e-115,-75.65077735344678,R,-29.809806214234833
1000,4,16,8.356233112433916e-115,-75.65077735344678,R,-29.809806214234833
1000,1,17,1.6017645094985316e-130,-75.65077735344678,R,-26.753741714392014
1000,2,17,1.6017645094985316e-130,-75.65077735344678,R,-26.753741714392014
1000,3,17,1.6017645094985316e-130,-75.65077735344678,R,-26.753741714392014
1000,4,17,1.6017645094985316e-130,-75.65077735344678,R,-26.753741714392014
1000,1,18,2.9727624977334365e-147,-75.65077735344678,R,-23.697677214549195
1000,2,18,2.9727624977334365e-147,-75.65077735344678,R,-23.697677214549195
1000,3,18,2.9727624977334365e-147,-75.65077735344678,R,-23.697677214549195
1000,4,18,2.9727624977334365e-147,-75.65077735344678,R,-23.697677214549195
1000,1,19,5.3418930351846965e-165,-75.65077735344678,R,-20.641612714706376
1000,2,19,5.3418930351846965e-165,-75.65077735344678,R,-20.641612714706376
1000,3,19,5.3418930351846965e-165,-75.65077735344678,R,-20.641612714706376
1000,4,19,5.3418930351846965e-165,-75.65077735344678,R,-20.641612714706376
1000,1,20,9.294019698226742e-184,-75.65077735344678,R,-17.585548214863564
1000,2,20,9.294019698226742e-184,-75.65077735344678,R,-17.585548214863564
1000,3,20,9.294019698226742e-184,-75.65077735344678,R,-17.585548214863564
1000,4,20,9.294019698226742e-184,-75.65077735344678,R,-17.585548214863564
2000,1,1,3.7822981279659056e-8,-75.65055611418977,R,-75.65076277606912
2000,2,1,0.8184935502835008,-75.61460619749228,R,-75.65076277606912
2000,3,1,2.7758066573473053e-8,-75.65076931101899,R,-75.65076277606912
2000,4,1,4.773894930886751e-8,-75.64995284986061,R,-75.65076277606912
2000,1,2,3.8697499576673744e-8,-75.64952399684728,R,-72.59469810700774
2000,2,2,0.7790031575323764,-75.47056433274496,R,-72.59469810700774
2000,3,2,2.8296553193308696e-8,-75.65073082825681,R,-72.59469810700774
2000,4,2,4.909678635582093e-8,-75.64612465709337,R,-72.59469810700774
2000,1,3,4.073555416714945e-8,-75.64850359735414,R,-69.53863343794636
2000,2,3,0.6878347418069255,-75.35637667415038,R,-69.53863343794636
2000,3,3,2.959156524117207e-8,-75.6506832011156,R,-69.53863343794636
2000,4,3,5.2171183320787325e-8,-75.64236055358458,R,-69.53863343794636
2000,1,4,4.3748240491990246e-8,-75.6474830968832,R,-66.48256876888499
2000,2,4,0.5588018322251661,-75.29336023805693,R,-66.48256876888499
2000,3,4,3.131742812483989e-8,-75.65058142700093,R,-66.48256876888499
2000,4,4,5.638147453990493e-8,-75.63871462961319,R,-66.48256876888499
2000,1,5,4.699379337543173e-8,-75.64944071807173,R,-63.42650409982361
2000,2,5,0.41204269172459435,-75.28692158194482,R,-63.42650409982361
2000,3,5,1.2824865161848083e-8,-75.65077739459983,R,-63.42650409982361
2000,4,5,6.14876378457128e-8,-75.63787588258005,R,-63.42650409982361
2000,1,6,4.932887040458925e-9,-75.65077735403362,R,-60.37043943076223
2000,2,6,0.2691227113096735,-75.32603185635097,R,-60.37043943076223
2000,3,6,3.5461391596177323e-10,-75.65077735344698,R,-60.37043943076223
2000,4,6,6.728116035749947e-8,-75.64269839587816,R,-60.37043943076223
2000,1,7,1.2253488491463076e-10,-75.65077735344678,R,-57.31437476170086
2000,2,7,0.14679255190838852,-75.3907249861651,R,-57.31437476170086
2000,3,7,4.7075386962909876e-12,-75.65077735344678,R,-57.31437476170086
2000,4,7,3.873114060700315e-8,-75.65077745038164,R,-57.31437476170086
2000,1,8,5.822738675578561e-13,-75.65077735344678,R,-54.25831009263948
2000,2,8,0.053247154344140436,-75.45944858552093,R,-54.25831009263948
2000,3,8,1.4333391508811573e-25,-75.65077735344678,R,-54.25831009263948
2000,4,8,1.3593993831349266e-9,-75.65077735344629,R,-54.25831009263948
2000,1,9,3.557538974480688e-33,-75.65077735344678,R,-51.202245423578105
2000,2,9,8.059770847405223e-5,-75.46409853899239,R,-51.202245423578105
2000,3,9,3.557538974480688e-33,-75.65077735344678,R,-51.202245423578105
2000,4,9,2.4447235550370492e-11,-75.65077735344678,R,-51.202245423578105
2000,1,10,8.549166924975575e-42,-75.65077735344678,R,-48.14618075451673
2000,2,10,2.4726197236581035e-7,-75.65053179542782,R,-48.14618075451673
2000,3,10,8.549166924975575e-42,-75.65077735344678,R,-48.14618075451673
2000,4,10,8.549166924975575e-42,-75.65077735344678,R,-48.14618075451673
2000,1,11,1.9891674967249468e-51,-75.65077735344678,R,-45.09011608545535
2000,2,11,5.926988770382576e-9,-75.65077735339392,R,-45.09011608545535
2000,3,11,1.9891674967249468e-51,-75.65077735344678,R,-45.09011608545535
2000,4,11,1.9891674967249468e-51,-75.65077735344678,R,-45.09011608545535
2000,1,12,4.4811794795877025e-62,-75.65077735344678,R,-42.03405141639398
2000,2,12,7.539137656891788e-11,-75.65077735344678,R,-42.03405141639398
2000,3,12,4.4811794795877025e-62,-75.65077735344678,R,-42.03405141639398
2000,4,12,4.4811794795877025e-62,-75.65077735344678,R,-42.03405141639398
2000,1,13,9.774324429229252e-74,-75.65077735344678,R,-38.9779867473326
2000,2,13,9.774324429229252e-74,-75.65077735344678,R,-38.9779867473326
2000,3,13,9.774324429229252e-74,-75.65077735344678,R,-38.9779867473326
2000,4,13,9.774324429229252e-74,-75.65077735344678,R,-38.9779867473326
2000,1,14,2.0642133790557395e-86,-75.65077735344678,R,-35.92192207827122
2000,2,14,2.0642133790557395e-86,-75.65077735344678,R,-35.92192207827122
2000,3,14,2.0642133790557395e-86,-75.65077735344678,R,-35.92192207827122
2000,4,14,2.0642133790557395e-86,-75.65077735344678,R,-35.92192207827122
2000,1,15,4.220810499544679e-100,-75.65077735344678,R,-32.86585740920985
2000,2,15,4.220810499544679e-100,-75.65077735344678,R,-32.86585740920985
2000,3,15,4.220810499544679e-100,-75.65077735344678,R,-32.86585740920985
2000,4,15,4.220810499544679e-100,-75.65077735344678,R,-32.86585740920985
2000,1,16,8.356233112433916e-115,-75.65077735344678,R,-29.809792740148474
2000,2,16,8.356233112433916e-115,-75.65077735344678,R,-29.809792740148474
2000,3,16,8.356233112433916e-115,-75.65077735344678,R,-29.809792740148474
2000,4,16,8.356233112433916e-115,-75.65077735344678,R,-29.809792740148474
2000,1,17,1.6017645094985316e-130,-75.65077735344678,R,-26.753728071087096
2000,2,17,1.6017645094985316e-130,-75.65077735344678,R,-26.753728071087096
2000,3,17,1.6017645094985316e-130,-75.65077735344678,R,-26.753728071087096
2000,4,17,1.6017645094985316e-130,-75.65077735344678,R,-26.753728071087096
2000,1,18,2.9727624977334365e-147,-75.65077735344678,R,-23.697663402025718
2000,2,18,2.9727624977334365e-147,-75.65077735344678,R,-23.697663402025718
2000,3,18,2.9727624977334365e-147,-75.65077735344678,R,-23.697663402025718
2000,4,18,2.9727624977334365e-147,-75.65077735344678,R,-23.697663402025718
2000,1,19,5.3418930351846965e-165,-75.65077735344678,R,-20.64159873296434
2000,2,19,5.3418930351846965e-165,-75.65077735344678,R,-20.64159873296434
2000,3,19,5.3418930351846965e-165,-75.65077735344678,R,-20.64159873296434
2000,4,19,5.3418930351846965e-165,-75.65077735344678,R,-20.64159873296434
2000,1,20,9.294019698226742e-184,-75.65077735344678,R,-17.58553406390297
2000,2,20,9.294019698226742e-184,-75.65077735344678,R,-17.58553406390297
2000,3,20,9.294019698226742e-184,-75.65077735344678,R,-17.58553406390297
2000,4,20,9.294019698226742e-184,-75.65077735344678,R,-17.58553406390297
3000,1,1,3.288630776796696e-8,-75.65055628085595,R,-75.65074451282217
3000,2,1,0.818730051911065,-75.59506356376927,R,-75.65074451282217
3000,3,1,2.4186208519545124e-8,-75.65076940353906,R,-75.65074451282217
3000,4,1,4.13974526428467e-8,-75.64995342819552,R,-75.65074451282217
3000,1,2,3.39280964606538e-8,-75.64952479174028,R,-72.59467956115887
3000,2,2,0.7816104786461082,-75.3835515622476,R,-72.59467956115887
3000,3,2,2.473632450684268e-8,-75.6507312651458,R,-72.59467956115887
3000,4,2,4.3275521350331165e-8,-75.64612748046872,R,-72.59467956115887
3000,1,3,3.623874238124414e-8,-75.64850484555726,R,-69.53861460949558
3000,2,3,0.69400280082880506,-75.21240191999397,R,-69.53861460949558
3000,3,3,2.600780973779147e-8,-75.6506838714369,R,-69.53861460949558
3000,4,3,4.742298879356463e-8,-75.64236520484067,R,-69.53861460949558
3000,1,4,3.926563272689415e-8,-75.64748452603118,R,-66.48254965783228
3000,2,4,0.5674660029436928,-75.11588557813717,R,-66.48254965783228
3000,3,4,2.7492886330665744e-8,-75.65058216291843,R,-66.48254965783228
3000,4,4,5.232495190609707e-8,-75.6387201076665,R,-66.48254965783228
3000,1,5,4.171917420887863e-8,-75.649441989408,R,-63.42648470616898
3000,2,5,0.4208039680364939,-75.10312785390838,R,-63.42648470616898
3000,3,5,1.2777783235121999e-8,-75.65077744120417,R,-63.42648470616898
3000,4,5,5.6604018563186715e-8,-75.63788093238223,R,-63.42648470616898
3000,1,6,5.436557904582562e-9,-75.65077735527477,R,-60.37041975450568
3000,2,6,0.27594873219558186,-75.15955442593354,R,-60.37041975450568
3000,3,6,5.248685525308437e-10,-75.65077735344823,R,-60.37041975450568
3000,4,6,6.000174994962689e-8,-75.64270200064594,R,-60.37041975450568
3000,1,7,1.9531686265143034e-10,-75.6507773534468,R,-57.31435480284239
3000,2,7,0.15104417328258632,-75.2559815192016,R,-57.31435480284239
3000,3,7,1.0992104318169662e-11,-75.65077735344678,R,-57.31435480284239
3000,4,7,3.7675315926258655e-8,-75.65077776947336,R,-57.31435480284239
3000,1,8,2.964278482562204e-12,-75.65077735344678,R,-54.258289851179086
3000,2,8,0.055431842824320975,-75.36003401485189,R,-54.258289851179086
3000,3,8,1.4333391508811573e-25,-75.65077735344678,R,-54.258289851179086
3000,4,8,2.0050810287721005e-9,-75.65077735344899,R,-54.258289851179086
3000,1,9,3.557538974480688e-33,-75.65077735344678,R,-51.20222489951579
3000,2,9,9.565900663850123e-5,-75.3655019770518,R,-51.20222489951579
3000,3,9,3.557538974480688e-33,-75.65077735344678,R,-51.20222489951579
3000,4,9,5.5702060572976086e-11,-75.65077735344678,R,-51.20222489951579
3000,1,10,8.549166924975575e-42,-75.65077735344678,R,-48.146159947852496
3000,2,10,2.5958692948507696e-7,-75.65010328865213,R,-48.146159947852496
3000,3,10,8.549166924975575e-42,-75.65077735344678,R,-48.146159947852496
3000,4,10,8.549166924975575e-42,-75.65077735344678,R,-48.146159947852496
3000,1,11,1.9891674967249468e-51,-75.65077735344678,R,-45.090094996189194
3000,2,11,9.846566299274878e-9,-75.65077735305871,R,-45.090094996189194
3000,3,11,1.9891674967249468e-51,-75.65077735344678,R,-45.090094996189194
3000,4,11,1.9891674967249468e-51,-75.65077735344678,R,-45.090094996189194
3000,1,12,4.4811794795877025e-62,-75.65077735344678,R,-42.0340300445259
3000,2,12,2.0188191173320977e-10,-75.65077735344678,R,-42.0340300445259
3000,3,12,4.4811794795877025e-62,-75.65077735344678,R,-42.0340300445259
3000,4,12,4.4811794795877025e-62,-75.65077735344678,R,-42.0340300445259
3000,1,13,9.774324429229252e-74,-75.65077735344678,R,-38.977965092862604
3000,2,13,1.8167101509859713e-12,-75.65077735344678,R,-38.977965092862604
3000,3,13,9.774324429229252e-74,-75.65077735344678,R,-38.977965092862604
3000,4,13,9.774324429229252e-74,-75.65077735344678,R,-38.977965092862604
3000,1,14,2.0642133790557395e-86,-75.65077735344678,R,-35.9219001411993
3000,2,14,2.0642133790557395e-86,-75.65077735344678,R,-35.9219001411993
3000,3,14,2.0642133790557395e-86,-75.65077735344678,R,-35.9219001411993
3000,4,14,2.0642133790557395e-86,-75.65077735344678,R,-35.9219001411993
3000,1,15,4.220810499544679e-100,-75.65077735344678,R,-32.86583518953601
3000,2,15,4.220810499544679e-100,-75.65077735344678,R,-32.86583518953601
3000,3,15,4.220810499544679e-100,-75.65077735344678,R,-32.86583518953601
3000,4,15,4.220810499544679e-100,-75.65077735344678,R,-32.86583518953601
3000,1,16,8.356233112433916e-115,-75.65077735344678,R,-29.809770237872705
3000,2,16,8.356233112433916e-115,-75.65077735344678,R,-29.809770237872705
3000,3,16,8.356233112433916e-115,-75.65077735344678,R,-29.809770237872705
3000,4,16,8.356233112433916e-115,-75.65077735344678,R,-29.809770237872705
3000,1,17,1.6017645094985316e-130,-75.65077735344678,R,-26.75370528620941
3000,2,17,1.6017645094985316e-130,-75.65077735344678,R,-26.75370528620941
3000,3,17,1.6017645094985316e-130,-75.65077735344678,R,-26.75370528620941
3000,4,17,1.6017645094985316e-130,-75.65077735344678,R,-26.75370528620941
3000,1,18,2.9727624977334365e-147,-75.65077735344678,R,-23.697640334546115
3000,2,18,2.9727624977334365e-147,-75.65077735344678,R,-23.697640334546115
3000,3,18,2.9727624977334365e-147,-75.65077735344678,R,-23.697640334546115
3000,4,18,2.9727624977334365e-147,-75.65077735344678,R,-23.697640334546115
3000,1,19,5.3418930351846965e-165,-75.65077735344678,R,-20.641575382882813
3000,2,19,5.3418930351846965e-165,-75.65077735344678,R,-20.641575382882813
3000,3,19,5.3418930351846965e-165,-75.65077735344678,R,-20.641575382882813
3000,4,19,5.3418930351846965e-165,-75.65077735344678,R,-20.641575382882813
3000,1,20,9.294019698226742e-184,-75.65077735344678,R,-17.585510431219518
3000,2,20,9.294019698226742e-184,-75.65077735344678,R,-17.585510431219518
3000,3,20,9.294019698226742e-184,-75.65077735344678,R,-17.585510431219518
3000,4,20,9.294019698226742e-184,-75.65077735344678,R,-17.585510431219518
4000,1,1,2.9828958473361936e-8,-75.65055645216013,R,-75.65071886668673
4000,2,1,0.8189744050379538,-75.57465127707752,R,-75.65071886668673
4000,3,1,2.1954156717652674e-8,-75.65076949784446,R,-75.65071886668673
4000,4,1,3.752716611804558e-8,-75.64995402497503,R,-75.65071886668673
4000,1,2,3.114416785505287e-8,-75.64952557259136,R,-72.59465351818014
4000,2,2,0.7841234964061085,-75.29851720044145,R,-72.59465351818014
4000,3,2,2.2557734951794476e-8,-75.65073168286114,R,-72.59465351818014
4000,4,2,4.0197861033638126e-8,-75.64613035293817,R,-72.59465351818014
4000,1,3,3.400161302452428e-8,-75.64850605616103,R,-69.53858816967355
4000,2,3,0.7000295541418734,-75.07059966931693,R,-69.53858816967355
4000,3,3,2.389661447494468e-8,-75.65068448256875,R,-69.53858816967355
4000,4,3,4.6465918119250474e-8,-75.64237022098409,R,-69.53858816967355
4000,1,4,3.7392204976495766e-8,-75.64748589257967,R,-66.48252282116695
4000,2,4,0.5760875267355341,-74.93934688606844,R,-66.48252282116695
4000,3,4,2.5274379344386007e-8,-75.6505828005657,R,-66.48252282116695
4000,4,4,5.3676142177833604e-8,-75.63872631414131,R,-66.48252282116695
4000,1,5,3.9253884882708894e-8,-75.64944316670588,R,-63.42645747266036
4000,2,5,0.4296689437386277,-74.91861095841091,R,-63.42645747266036
4000,3,5,1.2708553953647416e-8,-75.65077749554005,R,-63.42645747266036
4000,4,5,5.739887460143042e-8,-75.6378865322172,R,-63.42645747266036
4000,1,6,5.8712592846371244e-9,-75.65077735729857,R,-60.37039212415377
4000,2,6,0.28293565884257715,-74.99126140581663,R,-60.37039212415377
4000,3,6,6.894862403890203e-10,-75.65077735345207,R,-60.37039212415377
4000,4,6,5.766402682624174e-8,-75.64270575744239,R,-60.37039212415377
4000,1,7,2.7282466880132654e-10,-75.65077735344686,R,-57.314326775647174
4000,2,7,0.15542169639574502,-75.11913202798604,R,-57.314326775647174
4000,3,7,1.9668315513199633e-11,-75.65077735344678,R,-57.314326775647174
4000,4,7,3.683579406087972e-8,-75.65077820220517,R,-57.314326775647174
4000,1,8,6.469277194300116e-12,-75.65077735344678,R,-54.25826142714058
4000,2,8,0.05769070045242882,-75.25850798451656,R,-54.25826142714058
4000,3,8,1.4333391508811573e-25,-75.65077735344678,R,-54.25826142714058
4000,4,8,2.6098590092485224e-9,-75.65077735346702,R,-54.25826142714058
4000,1,9,3.557538974480688e-33,-75.65077735344678,R,-51.20219607863399
4000,2,9,1.162588594357331e-4,-75.26506400666867,R,-51.20219607863399
4000,3,9,3.557538974480688e-33,-75.65077735344678,R,-51.20219607863399
4000,4,9,9.847708839606827e-11,-75.65077735344678,R,-51.20219607863399
4000,1,10,8.549166924975575e-42,-75.65077735344678,R,-48.146130730127396
4000,2,10,2.7449550061082453e-7,-75.64930858190104,R,-48.146130730127396
4000,3,10,8.549166924975575e-42,-75.65077735344678,R,-48.146130730127396
4000,4,10,3.7055202331909895e-14,-75.65077735344678,R,-48.146130730127396
4000,1,11,1.9891674967249468e-51,-75.65077735344678,R,-45.0900653816208
4000,2,11,1.3849301199349325e-8,-75.65077735196499,R,-45.0900653816208
4000,3,11,1.9891674967249468e-51,-75.65077735344678,R,-45.0900653816208
4000,4,11,1.9891674967249468e-51,-75.65077735344678,R,-45.0900653816208
4000,1,12,4.4811794795877025e-62,-75.65077735344678,R,-42.03400003311421
4000,2,12,3.878687338208431e-10,-75.65077735344678,R,-42.03400003311421
4000,3,12,4.4811794795877025e-62,-75.65077735344678,R,-42.03400003311421
4000,4,12,4.4811794795877025e-62,-75.65077735344678,R,-42.03400003311421
4000,1,13,9.774324429229252e-74,-75.65077735344678,R,-38.97793468460762
4000,2,13,6.563264341198144e-12,-75.65077735344678,R,-38.97793468460762
4000,3,13,9.774324429229252e-74,-75.65077735344678,R,-38.97793468460762
4000,4,13,9.774324429229252e-74,-75.65077735344678,R,-38.97793468460762
4000,1,14,2.0642133790557395e-86,-75.65077735344678,R,-35.921869336101025
4000,2,14,2.0642133790557395e-86,-75.65077735344678,R,-35.921869336101025
4000,3,14,2.0642133790557395e-86,-75.65077735344678,R,-35.921869336101025
4000,4,14,2.0642133790557395e-86,-75.65077735344678,R,-35.921869336101025
4000,1,15,4.220810499544679e-100,-75.65077735344678,R,-32.86580398759443
4000,2,15,4.220810499544679e-100,-75.65077735344678,R,-32.86580398759443
4000,3,15,4.220810499544679e-100,-75.65077735344678,R,-32.86580398759443
4000,4,15,4.220810499544679e-100,-75.65077735344678,R,-32.86580398759443
4000,1,16,8.356233112433916e-115,-75.65077735344678,R,-29.80973863908784
4000,2,16,8.356233112433916e-115,-75.65077735344678,R,-29.80973863908784
4000,3,16,8.356233112433916e-115,-75.65077735344678,R,-29.80973863908784
4000,4,16,8.356233112433916e-115,-75.65077735344678,R,-29.80973863908784
4000,1,17,1.6017645094985316e-130,-75.65077735344678,R,-26.753673290581247
4000,2,17,1.6017645094985316e-130,-75.65077735344678,R,-26.753673290581247
4000,3,17,1.6017645094985316e-130,-75.65077735344678,R,-26.753673290581247
4000,4,17,1.6017645094985316e-130,-75.65077735344678,R,-26.753673290581247
4000,1,18,2.9727624977334365e-147,-75.65077735344678,R,-23.697607942074654
4000,2,18,2.9727624977334365e-147,-75.65077735344678,R,-23.697607942074654
4000,3,18,2.9727624977334365e-147,-75.65077735344678,R,-23.697607942074654
4000,4,18,2.9727624977334365e-147,-75.65077735344678,R,-23.697607942074654
4000,1,19,5.3418930351846965e-165,-75.65077735344678,R,-20.64154259356806
4000,2,19,5.3418930351846965e-165,-75.65077735344678,R,-20.64154259356806
4000,3,19,5.3418930351846965e-165,-75.65077735344678,R,-20.64154259356806
4000,4,19,5.3418930351846965e-165,-75.65077735344678,R,-20.64154259356806
4000,1,20,9.294019698226742e-184,-75.65077735344678,R,-17.58547724506147
4000,2,20,9.294019698226742e-184,-75.65077735344678,R,-17.58547724506147
4000,3,20,9.294019698226742e-184,-75.65077735344678,R,-17.58547724506147
4000,4,20,9.294019698226742e-184,-75.65077735344678,R,-17.58547724506147
5000,1,1,2.768110940774413e-8,-75.6505566284008,R,-75.65068575979268
5000,2,1,0.8192253962599917,-75.55344306086948,R,-75.65068575979268
5000,3,1,2.037177016109096e-8,-75.65076959429291,R,-75.65068575979268
5000,4,1,3.4855176022085305e-8,-75.64995464226283,R,-75.65068575979268
5000,1,2,2.935536994269021e-8,-75.64952633970806,R,-72.59461989899647
5000,2,2,0.7865458251845879,-75.21540165321692,R,-72.59461989899647
5000,3,2,2.105471365823847e-8,-75.65073208057089,R,-72.59461989899647
5000,4,2,3.862314567564974e-8,-75.64613332554035,R,-72.59461989899647
5000,1,3,3.30300946408783e-8,-75.64850722610963,R,-69.53855403820026
5000,2,3,0.7059140812246069,-74.93098487733874,R,-69.53855403820026
5000,3,3,2.251225483848232e-8,-75.65068502649483,R,-69.53855403820026
5000,4,3,4.916068660169495e-8,-75.64237612938717,R,-69.53855403820026
5000,1,4,3.713979985342688e-8,-75.64748718525613,R,-66.48248817740404
5000,2,4,0.5846583452791337,-74.76382966177962,R,-66.48248817740404
5000,3,4,2.384575017270275e-8,-75.65058332933172,R,-66.48248817740404
5000,4,4,6.542946831287417e-8,-75.6387352554404,R,-66.48248817740404
5000,1,5,3.8417096036831524e-8,-75.6494442256194,R,-63.426422316607834
5000,2,5,0.4386321168180706,-74.73344975469867,R,-63.426422316607834
5000,3,5,1.2635881764596342e-8,-75.65077754960213,R,-63.426422316607834
5000,4,5,6.726211774101675e-8,-75.6378939398122,R,-63.426422316607834
5000,1,6,6.27172210141933e-9,-75.65077735998062,R,-60.37035645581162
5000,2,6,0.2900849447075198,-74.8211749497312,R,-60.37035645581162
5000,3,6,8.484531449841108e-10,-75.65077735346027,R,-60.37035645581162
5000,4,6,5.9237338226129333e-8,-75.64270978073708,R,-60.37035645581162
5000,1,7,3.541914491257505e-10,-75.65077735344704,R,-57.31429059501541
5000,2,7,0.15992875549575122,-74.98015975637482,R,-57.31429059501541
5000,3,7,3.065438252921206e-11,-75.65077735344678,R,-57.31429059501541
5000,4,7,3.629375647498228e-8,-75.65077869663016,R,-57.31429059501541
5000,1,8,1.1144751220453156e-11,-75.65077735344678,R,-54.2582247342192
5000,2,8,0.06002590608747316,-75.15486126439723,R,-54.2582247342192
5000,3,8,1.4333391508811573e-25,-75.65077735344678,R,-54.2582247342192
5000,4,8,3.181713381909963e-9,-75.65077735352244,R,-54.2582247342192
5000,1,9,3.557538974480688e-33,-75.65077735344678,R,-51.20215887342299
5000,2,9,1.4591502027162383e-4,-75.16292775800422,R,-51.20215887342299
5000,3,9,3.557538974480688e-33,-75.65077735344678,R,-51.20215887342299
5000,4,9,1.4857971032965463e-10,-75.65077735344678,R,-51.20215887342299
5000,1,10,8.549166924975575e-42,-75.65077735344678,R,-48.14609301262677
5000,2,10,2.931054380132011e-7,-75.64787906343302,R,-48.14609301262677
5000,3,10,8.549166924975575e-42,-75.65077735344678,R,-48.14609301262677
5000,4,10,1.859170808129914e-12,-75.65077735344678,R,-48.14609301262677
5000,1,11,1.9891674967249468e-51,-75.65077735344678,R,-45.09002715183056
5000,2,11,1.7963225440597276e-8,-75.6507773493265,R,-45.09002715183056
5000,3,11,1.9891674967249468e-51,-75.65077735344678,R,-45.09002715183056
5000,4,11,1.9891674967249468e-51,-75.65077735344678,R,-45.09002715183056
5000,1,12,4.4811794795877025e-62,-75.65077735344678,R,-42.03396129103435
5000,2,12,6.335964696161311e-10,-75.65077735344674,R,-42.03396129103435
5000,3,12,4.4811794795877025e-62,-75.65077735344678,R,-42.03396129103435
5000,4,12,4.4811794795877025e-62,-75.65077735344678,R,-42.03396129103435
5000,1,13,9.774324429229252e-74,-75.65077735344678,R,-38.977895430238135
5000,2,13,1.4926891707830152e-11,-75.65077735344678,R,-38.977895430238135
5000,3,13,9.774324429229252e-74,-75.65077735344678,R,-38.977895430238135
5000,4,13,9.774324429229252e-74,-75.65077735344678,R,-38.977895430238135
5000,1,14,2.0642133790557395e-86,-75.65077735344678,R,-35.921829569441925
5000,2,14,2.0642133790557395e-86,-75.65077735344678,R,-35.921829569441925
5000,3,14,2.0642133790557395e-86,-75.65077735344678,R,-35.921829569441925
5000,4,14,2.0642133790557395e-86,-75.65077735344678,R,-35.921829569441925
5000,1,15,4.220810499544679e-100,-75.65077735344678,R,-32.865763708645716
5000,2,15,4.220810499544679e-100,-75.65077735344678,R,-32.865763708645716
5000,3,15,4.220810499544679e-100,-75.65077735344678,R,-32.865763708645716
5000,4,15,4.220810499544679e-100,-75.65077735344678,R,-32.865763708645716
5000,1,16,8.356233112433916e-115,-75.65077735344678,R,-29.8096978478495
5000,2,16,8.356233112433916e-115,-75.65077735344678,R,-29.8096978478495
5000,3,16,8.356233112433916e-115,-75.65077735344678,R,-29.8096978478495
5000,4,16,8.356233112433916e-115,-75.65077735344678,R,-29.8096978478495
5000,1,17,1.6017645094985316e-130,-75.65077735344678,R,-26.75363198705329
5000,2,17,1.6017645094985316e-130,-75.65077735344678,R,-26.75363198705329
5000,3,17,1.6017645094985316e-130,-75.65077735344678,R,-26.75363198705329
5000,4,17,1.6017645094985316e-130,-75.65077735344678,R,-26.75363198705329
5000,1,18,2.9727624977334365e-147,-75.65077735344678,R,-23.69756612625708
5000,2,18,2.9727624977334365e-147,-75.65077735344678,R,-23.69756612625708
5000,3,18,2.9727624977334365e-147,-75.65077735344678,R,-23.69756612625708
5000,4,18,2.9727624977334365e-147,-75.65077735344678,R,-23.69756612625708
5000,1,19,5.3418930351846965e-165,-75.65077735344678,R,-20.641500265460863
5000,2,19,5.3418930351846965e-165,-75.65077735344678,R,-20.641500265460863
5000,3,19,5.3418930351846965e-165,-75.65077735344678,R,-20.641500265460863
5000,4,19,5.3418930351846965e-165,-75.65077735344678,R,-20.641500265460863
5000,1,20,9.294019698226742e-184,-75.65077735344678,R,-17.585434404664653
5000,2,20,9.294019698226742e-184,-75.65077735344678,R,-17.585434404664653
5000,3,20,9.294019698226742e-184,-75.65077735344678,R,-17.585434404664653
5000,4,20,9.294019698226742e-184,-75.65077735344678,R,-17.585434404664653
6000,1,1,2.6066325129112227e-8,-75.65055680899893,R,-75.65064509161473
6000,2,1,0.8194319830593463,-75.53152017374589,R,-75.65064509161473
6000,3,1,1.9168728817029754e-8,-75.65076969258669,R,-75.65064509161473
6000,4,1,5.806406856149025e-5,-75.93171967794486,R,-75.65064509161473
6000,1,2,2.816680253394568e-8,-75.64952708821949,R,-72.59457860152708
6000,2,2,0.6857227405093307,-75.12477028658024,R,-72.59457860152708
6000,3,2,1.994576320075289e-8,-75.650732454266,R,-72.59457860152708
6000,4,2,0.2071722440026555,-75.94146538674752,R,-72.59457860152708
6000,1,3,3.2762951552905085e-8,-75.64850832017254,R,-69.5385121114394
6000,2,3,0.6217597167667431,-74.72201705912816,R,-69.5385121114394
6000,3,3,2.1511130148268705e-8,-75.6506854838392,R,-69.5385121114394
6000,4,3,0.34665977809921644,-75.88519895161564,R,-69.5385121114394
6000,1,4,3.771071526542735e-8,-75.64748835093404,R,-66.48244562135174
6000,2,4,0.5399489880208709,-74.51158805561774,R,-66.48244562135174
6000,3,4,2.2790236109895795e-8,-75.65058373108432,R,-66.48244562135174
6000,4,4,0.30786369169419064,-75.8274666716063,R,-66.48244562135174
6000,1,5,3.8537390591417325e-8,-75.64944513225122,R,-63.42637913126408
6000,2,5,0.40570022507847014,-74.51327684046322,R,-63.42637913126408
6000,3,5,1.2563594459894645e-8,-75.65077759634154,R,-63.42637913126408
6000,4,5,0.2064972293844279,-75.7764329799301,R,-63.42637913126408
6000,1,6,6.659537344395232e-9,-75.65077736305183,R,-60.37031264117641
6000,2,6,0.28774482021134623,-74.64794270569453,R,-60.37031264117641
6000,3,6,1.0019355742804625e-9,-75.65077735347423,R,-60.37031264117641
6000,4,6,0.03838067495397883,-75.75025042865636,R,-60.37031264117641
6000,1,7,4.3892420227296873e-10,-75.65077735344737,R,-57.314246151088746
6000,2,7,0.1645647164681384,-74.83904997084562,R,-57.314246151088746
6000,3,7,4.3870757683187684e-11,-75.65077735344678,R,-57.314246151088746
6000,4,7,1.1095468644588393e-5,-75.70150021727562,R,-57.314246151088746
6000,1,8,1.706258606046333e-11,-75.65077735344678,R,-54.25817966100108
6000,2,8,0.06243981258708863,-75.04908293429045,R,-54.25817966100108
6000,3,8,1.4333391508811573e-25,-75.65077735344678,R,-54.25817966100108
6000,4,8,6.227881529350478e-9,-75.65077735368234,R,-54.25817966100108
6000,1,9,3.557538974480688e-33,-75.65077735344678,R,-51.20211317091342
6000,2,9,1.9150085789058094e-4,-75.05935046811024,R,-51.20211317091342
6000,3,9,3.557538974480688e-33,-75.65077735344678,R,-51.20211317091342
6000,4,9,2.0665562199095057e-10,-75.65077735344678,R,-51.20211317091342
6000,1,10,8.549166924975575e-42,-75.65077735344678,R,-48.14604668082575
6000,2,10,3.17431486258313e-7,-75.64529973184632,R,-48.14604668082575
6000,3,10,8.549166924975575e-42,-75.65077735344678,R,-48.14604668082575
6000,4,10,5.1350695538258775e-12,-75.65077735344678,R,-48.14604668082575
6000,1,11,1.9891674967249468e-51,-75.65077735344678,R,-45.08998019073809
6000,2,11,2.2220893970658683e-8,-75.65077734400126,R,-45.08998019073809
6000,3,11,1.9891674967249468e-51,-75.65077735344678,R,-45.08998019073809
6000,4,11,1.9891674967249468e-51,-75.65077735344678,R,-45.08998019073809
6000,1,12,4.4811794795877025e-62,-75.65077735344678,R,-42.03391370065042
6000,2,12,9.39290466325901e-10,-75.65077735344666,R,-42.03391370065042
6000,3,12,4.4811794795877025e-62,-75.65077735344678,R,-42.03391370065042
6000,4,12,4.4811794795877025e-62,-75.65077735344678,R,-42.03391370065042
6000,1,13,9.774324429229252e-74,-75.65077735344678,R,-38.97784721056276
6000,2,13,2.782979807066228e-11,-75.65077735344678,R,-38.97784721056276
6000,3,13,9.774324429229252e-74,-75.65077735344678,R,-38.97784721056276
6000,4,13,9.774324429229252e-74,-75.65077735344678,R,-38.97784721056276
6000,1,14,2.0642133790557395e-86,-75.65077735344678,R,-35.92178072047509
6000,2,14,2.0642133790557395e-86,-75.65077735344678,R,-35.92178072047509
6000,3,14,2.0642133790557395e-86,-75.65077735344678,R,-35.92178072047509
6000,4,14,2.0642133790557395e-86,-75.65077735344678,R,-35.92178072047509
6000,1,15,4.220810499544679e-100,-75.65077735344678,R,-32.86571423038743
6000,2,15,4.220810499544679e-100,-75.65077735344678,R,-32.86571423038743
6000,3,15,4.220810499544679e-100,-75.65077735344678,R,-32.86571423038743
6000,4,15,4.220810499544679e-100,-75.65077735344678,R,-32.86571423038743
6000,1,16,8.356233112433916e-115,-75.65077735344678,R,-29.809647740299766
6000,2,16,8.356233112433916e-115,-75.65077735344678,R,-29.809647740299766
6000,3,16,8.356233112433916e-115,-75.65077735344678,R,-29.809647740299766
6000,4,16,8.356233112433916e-115,-75.65077735344678,R,-29.809647740299766
6000,1,17,1.6017645094985316e-130,-75.65077735344678,R,-26.7535812502121
6000,2,17,1.6017645094985316e-130,-75.65077735344678,R,-26.7535812502121
6000,3,17,1.6017645094985316e-130,-75.65077735344678,R,-26.7535812502121
6000,4,17,1.6017645094985316e-130,-75.65077735344678,R,-26.7535812502121
6000,1,18,2.9727624977334365e-147,-75.65077735344678,R,-23.697514760124434
6000,2,18,2.9727624977334365e-147,-75.65077735344678,R,-23.697514760124434
6000,3,18,2.9727624977334365e-147,-75.65077735344678,R,-23.697514760124434
6000,4,18,2.9727624977334365e-147,-75.65077735344678,R,-23.697514760124434
6000,1,19,5.3418930351846965e-165,-75.65077735344678,R,-20.64144827003677
6000,2,19,5.3418930351846965e-165,-75.65077735344678,R,-20.64144827003677
6000,3,19,5.3418930351846965e-165,-75.65077735344678,R,-20.64144827003677
6000,4,19,5.3418930351846965e-165,-75.65077735344678,R,-20.64144827003677
6000,1,20,9.294019698226742e-184,-75.65077735344678,R,-17.585381779949103
6000,2,20,9.294019698226742e-184,-75.65077735344678,R,-17.585381779949103
6000,3,20,9.294019698226742e-184,-75.65077735344678,R,-17.585381779949103
6000,4,20,9.294019698226742e-184,-75.65077735344678,R,-17.585381779949103
7000,1,1,2.4903653165593427e-8,-75.65055698456612,R,-75.65059673867262
7000,2,1,0.809401450297284,-75.0210701953434,R,-75.65059673867262
7000,3,1,1.824428750834267e-8,-75.65076978732083,R,-75.65059673867262
7000,4,1,0.5996800801271771,-76.96158435892723,R,-75.65059673867262
7000,1,2,2.715092668849155e-8,-75.64952728184875,R,-72.59452950038096
7000,2,2,0.7928102835538866,-74.57878968766116,R,-72.59452950038096
7000,3,2,1.9036314397750482e-8,-75.65073255357407,R,-72.59452950038096
7000,4,2,0.5612550887488068,-76.58220403751264,R,-72.59452950038096
7000,1,3,3.14345636031073e-8,-75.64850834752917,R,-69.5384622620893
7000,2,3,0.725038168836692,-74.24748759715496,R,-69.5384622620893
7000,3,3,2.0475098090596683e-8,-75.65068550929388,R,-69.5384622620893
7000,4,3,0.48730871054047215,-76.2718139268956,R,-69.5384622620893
7000,1,4,3.5728235718944545e-8,-75.64748832649362,R,-66.48239502379765
7000,2,4,0.6101730029983612,-74.08214298584855,R,-66.48239502379765
7000,3,4,2.1566743466701596e-8,-75.65058374487276,R,-66.48239502379765
7000,4,4,0.386100115086949,-76.08448346180316,R,-66.48239502379765
7000,1,5,3.630866673410878e-8,-75.64944522406894,R,-63.42632778550599
7000,2,5,0.46181223011090233,-74.10376395176496,R,-63.42632778550599
7000,3,5,1.245101101763769e-8,-75.65077760440094,R,-63.42632778550599
7000,4,5,0.2708567663491863,-76.01097755338803,R,-63.42632778550599
7000,1,6,7.0180449625383125e-9,-75.65077736429866,R,-60.37026054721433
7000,2,6,0.3040963127504673,-74.28910348918336,R,-60.37026054721433
7000,3,6,1.1497738600374592e-9,-75.6507773534828,R,-60.37026054721433
7000,4,6,0.15755303568643228,-76.00478550304149,R,-60.37026054721433
7000,1,7,5.266957888188996e-10,-75.65077735344768,R,-57.31419330892267
7000,2,7,0.16274761064135077,-74.62252474629537,R,-57.31419330892267
7000,3,7,5.923876946001595e-11,-75.65077735344678,R,-57.31419330892267
7000,4,7,0.05738059028294812,-75.99875516301876,R,-57.31419330892267
7000,1,8,2.426961757061878e-11,-75.65077735344678,R,-54.258126070631015
7000,2,8,0.06490864520141003,-74.94057102027665,R,-54.258126070631015
7000,3,8,1.4333391508811573e-25,-75.65077735344678,R,-54.258126070631015
7000,4,8,1.109403493180298e-4,-75.98810165766805,R,-54.258126070631015
7000,1,9,3.557538974480688e-33,-75.65077735344678,R,-51.20205883233936
7000,2,9,2.6842349387773103e-4,-74.95463493984936,R,-51.20205883233936
7000,3,9,3.557538974480688e-33,-75.65077735344678,R,-51.20205883233936
7000,4,9,3.2272029151617025e-7,-75.65106342708023,R,-51.20205883233936
7000,1,10,8.549166924975575e-42,-75.65077735344678,R,-48.1459915940477
7000,2,10,3.5120945899578916e-7,-75.6403669170967,R,-48.1459915940477
7000,3,10,8.549166924975575e-42,-75.65077735344678,R,-48.1459915940477
7000,4,10,2.68330515577523e-9,-75.65077735344495,R,-48.1459915940477
7000,1,11,1.9891674967249468e-51,-75.65077735344678,R,-45.08992435575604
7000,2,11,2.6670615891617675e-8,-75.6507773342525,R,-45.08992435575604
7000,3,11,1.9891674967249468e-51,-75.65077735344678,R,-45.08992435575604
7000,4,11,1.2806373092315675e-11,-75.65077735344678,R,-45.08992435575604
7000,1,12,4.4811794795877025e-62,-75.65077735344678,R,-42.033857117464386
7000,2,12,1.3056797679535814e-9,-75.65077735344637,R,-42.033857117464386
7000,3,12,4.4811794795877025e-62,-75.65077735344678,R,-42.033857117464386
7000,4,12,4.4811794795877025e-62,-75.65077735344678,R,-42.033857117464386
7000,1,13,9.774324429229252e-74,-75.65077735344678,R,-38.977789879172725
7000,2,13,4.6277481855876006e-11,-75.65077735344678,R,-38.977789879172725
7000,3,13,9.774324429229252e-74,-75.65077735344678,R,-38.977789879172725
7000,4,13,9.774324429229252e-74,-75.65077735344678,R,-38.977789879172725
7000,1,14,2.0642133790557395e-86,-75.65077735344678,R,-35.92172264088107
7000,2,14,2.0642133790557395e-86,-75.65077735344678,R,-35.92172264088107
7000,3,14,2.0642133790557395e-86,-75.65077735344678,R,-35.92172264088107
7000,4,14,2.0642133790557395e-86,-75.65077735344678,R,-35.92172264088107
7000,1,15,4.220810499544679e-100,-75.65077735344678,R,-32.86565540258941
7000,2,15,4.220810499544679e-100,-75.65077735344678,R,-32.86565540258941
7000,3,15,4.220810499544679e-100,-75.65077735344678,R,-32.86565540258941
7000,4,15,4.220810499544679e-100,-75.65077735344678,R,-32.86565540258941
7000,1,16,8.356233112433916e-115,-75.65077735344678,R,-29.809588164297757
7000,2,16,8.356233112433916e-115,-75.65077735344678,R,-29.809588164297757
7000,3,16,8.356233112433916e-115,-75.65077735344678,R,-29.809588164297757
7000,4,16,8.356233112433916e-115,-75.65077735344678,R,-29.809588164297757
7000,1,17,1.6017645094985316e-130,-75.65077735344678,R,-26.753520926006097
7000,2,17,1.6017645094985316e-130,-75.65077735344678,R,-26.753520926006097
7000,3,17,1.6017645094985316e-130,-75.65077735344678,R,-26.753520926006097
7000,4,17,1.6017645094985316e-130,-75.65077735344678,R,-26.753520926006097
7000,1,18,2.9727624977334365e-147,-75.65077735344678,R,-23.697453687714436
7000,2,18,2.9727624977334365e-147,-75.65077735344678,R,-23.697453687714436
7000,3,18,2.9727624977334365e-147,-75.65077735344678,R,-23.697453687714436
7000,4,18,2.9727624977334365e-147,-75.65077735344678,R,-23.697453687714436
7000,1,19,5.3418930351846965e-165,-75.65077735344678,R,-20.641386449422782
7000,2,19,5.3418930351846965e-165,-75.65077735344678,R,-20.641386449422782
7000,3,19,5.3418930351846965e-165,-75.65077735344678,R,-20.641386449422782
7000,4,19,5.3418930351846965e-165,-75.65077735344678,R,-20.641386449422782
7000,1,20,9.294019698226742e-184,-75.65077735344678,R,-17.58531921113112
7000,2,20,9.294019698226742e-184,-75.65077735344678,R,-17.58531921113112
7000,3,20,9.294019698226742e-184,-75.65077735344678,R,-17.58531921113112
7000,4,20,9.294019698226742e-184,-75.65077735344678,R,-17.58531921113112
8000,1,1,2.4551488051154973e-8,-75.65055734889373,R,-75.6505405541547
8000,2,1,0.8203079257933509,-74.87945457064768,R,-75.6505405541547
8000,3,1,1.7649743844729306e-8,-75.65076997580732,R,-75.6505405541547
8000,4,1,0.6109644326993271,-77.08209492549415,R,-75.6505405541547
8000,1,2,2.7210946005575582e-8,-75.64952732655091,R,-72.59447244647477
8000,2,2,0.8039320756564364,-74.40693563579188,R,-72.59447244647477
8000,3,2,1.848579963589747e-8,-75.65073257972347,R,-72.59447244647477
8000,4,2,0.5691851145727232,-76.641615750861,R,-72.59447244647477
8000,1,3,3.118457161952226e-8,-75.64850799862667,R,-69.53840433879485
8000,2,3,0.7388376345121361,-74.03347546230803,R,-69.53840433879485
8000,3,3,1.9763342298152626e-8,-75.65068539764587,R,-69.53840433879485
8000,4,3,0.4949136901665664,-76.27993942857728,R,-69.53840433879485
8000,1,4,3.4752232742408775e-8,-75.64748789052878,R,-66.48233623111491
8000,2,4,0.626686414594177,-73.83627337058216,R,-66.48233623111491
8000,3,4,2.0643272174013114e-8,-75.65058363722154,R,-66.48233623111491
8000,4,4,0.39412997419252255,-76.0639844328918,R,-66.48233623111491
8000,1,5,3.489704043299966e-8,-75.649444968988945,R,-63.42626812343499
8000,2,5,0.4795546761292613,-73.84280292912682,R,-63.42626812343499
8000,3,5,1.2338824130775565e-8,-75.6507775935286,R,-63.42626812343499
8000,4,5,0.2795011060199582,-75.99383515082398,R,-63.42626812343499
8000,1,6,7.341787812992107e-9,-75.65077736372214,R,-60.37020001575506
8000,2,6,0.32078334582576795,-74.03427489107911,R,-60.37020001575506
8000,3,6,1.291870204215435e-9,-75.65077735348203,R,-60.37020001575506
8000,4,6,0.16745638738217292,-76.02369541552397,R,-60.37020001575506
8000,1,7,6.168855977779875e-10,-75.65077735344808,R,-57.314131908075126
8000,2,7,0.17495837312606663,-74.40068609728955,R,-57.314131908075126
8000,3,7,7.667642085615789e-11,-75.65077735344678,R,-57.314131908075126
8000,4,7,0.07021565219750532,-76.0831994810961,R,-57.314131908075126
8000,1,8,3.280624324864446e-11,-75.65077735344678,R,-54.2580638003952
8000,2,8,0.06753167485004477,-74.82695851696388,R,-54.2580638003952
8000,3,8,1.4333391508811573e-25,-75.65077735344678,R,-54.2580638003952
8000,4,8,3.6982737640608125e-4,-76.0859832772055,R,-54.2580638003952
8000,1,9,3.557538974480688e-33,-75.65077735344678,R,-51.20199569271527
8000,2,9,4.1764361664580385e-4,-74.84813299380917,R,-51.20199569271527
8000,3,9,3.557538974480688e-33,-75.65077735344678,R,-51.20199569271527
8000,4,9,4.770021560104341e-7,-75.6556699529731,R,-51.20199569271527
8000,1,10,8.549166924975575e-42,-75.65077735344678,R,-48.145927585035345
8000,2,10,4.02778687232642e-7,-75.62976755099106,R,-48.145927585035345
8000,3,10,8.549166924975575e-42,-75.65077735344678,R,-48.145927585035345
8000,4,10,9.786440551915113e-9,-75.65077735322284,R,-48.145927585035345
8000,1,11,1.9891674967249468e-51,-75.65077735344678,R,-45.08985947735542
8000,2,11,3.1407142733343256e-8,-75.65077731725049,R,-45.08985947735542
8000,3,11,1.9891674967249468e-51,-75.65077735344678,R,-45.08985947735542
8000,4,11,1.2398715417352233e-10,-75.65077735344678,R,-45.08985947735542
8000,1,12,4.4811794795877025e-62,-75.65077735344678,R,-42.033791369675484
8000,2,12,1.7345840464648959e-9,-75.6507773534452,R,-42.033791369675484
8000,3,12,4.4811794795877025e-62,-75.65077735344678,R,-42.033791369675484
8000,4,12,2.4526551311011533e-13,-75.65077735344678,R,-42.033791369675484
8000,1,13,9.774324429229252e-74,-75.65077735344678,R,-38.97772326199556
8000,2,13,7.128663433951685e-11,-75.65077735344678,R,-38.97772326199556
8000,3,13,9.774324429229252e-74,-75.65077735344678,R,-38.97772326199556
8000,4,13,9.774324429229252e-74,-75.65077735344678,R,-38.97772326199556
8000,1,14,2.0642133790557395e-86,-75.65077735344678,R,-35.92165515431563
8000,2,14,2.0642133790557395e-86,-75.65077735344678,R,-35.92165515431563
8000,3,14,2.0642133790557395e-86,-75.65077735344678,R,-35.92165515431563
8000,4,14,2.0642133790557395e-86,-75.65077735344678,R,-35.92165515431563
8000,1,15,4.220810499544679e-100,-75.65077735344678,R,-32.865587046635696
8000,2,15,4.220810499544679e-100,-75.65077735344678,R,-32.865587046635696
8000,3,15,4.220810499544679e-100,-75.65077735344678,R,-32.865587046635696
8000,4,15,4.220810499544679e-100,-75.65077735344678,R,-32.865587046635696
8000,1,16,8.356233112433916e-115,-75.65077735344678,R,-29.80951893895577
8000,2,16,8.356233112433916e-115,-75.65077735344678,R,-29.80951893895577
8000,3,16,8.356233112433916e-115,-75.65077735344678,R,-29.80951893895577
8000,4,16,8.356233112433916e-115,-75.65077735344678,R,-29.80951893895577
8000,1,17,1.6017645094985316e-130,-75.65077735344678,R,-26.753450831275842
8000,2,17,1.6017645094985316e-130,-75.65077735344678,R,-26.753450831275842
8000,3,17,1.6017645094985316e-130,-75.65077735344678,R,-26.753450831275842
8000,4,17,1.6017645094985316e-130,-75.65077735344678,R,-26.753450831275842
8000,1,18,2.9727624977334365e-147,-75.65077735344678,R,-23.697382723595915
8000,2,18,2.9727624977334365e-147,-75.65077735344678,R,-23.697382723595915
8000,3,18,2.9727624977334365e-147,-75.65077735344678,R,-23.697382723595915
8000,4,18,2.9727624977334365e-147,-75.65077735344678,R,-23.697382723595915
8000,1,19,5.3418930351846965e-165,-75.65077735344678,R,-20.641314615915988
8000,2,19,5.3418930351846965e-165,-75.65077735344678,R,-20.641314615915988
8000,3,19,5.3418930351846965e-165,-75.65077735344678,R,-20.641314615915988
8000,4,19,5.3418930351846965e-165,-75.65077735344678,R,-20.641314615915988
8000,1,20,9.294019698226742e-184,-75.65077735344678,R,-17.585246508236054
8000,2,20,9.294019698226742e-184,-75.65077735344678,R,-17.585246508236054
8000,3,20,9.294019698226742e-184,-75.65077735344678,R,-17.585246508236054
8000,4,20,9.294019698226742e-184,-75.65077735344678,R,-17.585246508236054
9000,1,1,2.450950235065189e-8,-75.65055772682007,R,-75.65047636747411
9000,2,1,0.8229068490692307,-74.8041474414409,R,-75.65047636747411
9000,3,1,1.719755981666508e-8,-75.65077015896941,R,-75.65047636747411
9000,4,1,0.613121641133304,-77.11916540868823,R,-75.65047636747411
9000,1,2,2.761719499024569e-8,-75.64952727039558,R,-72.59440726658201
9000,2,2,0.8085278801102419,-74.28804042802243,R,-72.59440726658201
9000,3,2,1.8059181713425704e-8,-75.65073256319616,R,-72.59440726658201
9000,4,2,0.5717569462189851,-76.6354283196526,R,-72.59440726658201
9000,1,3,3.1114255020180773e-8,-75.64850751094386,R,-69.53833816568991
9000,2,3,0.7469116879966015,-73.86416567039865,R,-69.53833816568991
9000,3,3,1.916564535627739e-8,-75.6506852494715,R,-69.53833816568991
9000,4,3,0.498862411130474,-76.23122234628528,R,-69.53833816568991
9000,1,4,3.389213853712047e-8,-75.6474873956551,R,-66.4822690647978
9000,2,4,0.6380612453366958,-73.6289140726011,R,-66.4822690647978
9000,3,4,1.985435836683452e-8,-75.65058351711879,R,-66.4822690647978
9000,4,4,0.39916775855798814,-75.99005541914613,R,-66.4822690647978
9000,1,5,3.368855849079165e-8,-75.6494446662703,R,-63.4261999639057
9000,2,5,0.49229256373849,-73.6178031191899,R,-63.4261999639057
9000,3,5,1.2223166192971966e-8,-75.6507775784342,R,-63.4261999639057
9000,4,5,0.2846891724106352,-75.91924376560318,R,-63.4261999639057
9000,1,6,7.638504439011953e-9,-75.65077736207034,R,-60.3701308630136
9000,2,6,0.33232576048172197,-73.81533370182115,R,-60.3701308630136
9000,3,6,1.428362814328768e-9,-75.650777353473,R,-60.3701308630136
9000,4,6,0.17220927188781257,-75.97435611608564,R,-60.3701308630136
9000,1,7,7.089807398307739e-10,-75.65077735344816,R,-57.3140617621215
9000,2,7,0.18378967929617354,-74.20617548399454,R,-57.3140617621215
9000,3,7,9.610279184520165e-11,-75.65077735344678,R,-57.3140617621215
9000,4,7,0.07538420377740634,-76.08642326696449,R,-57.3140617621215
9000,1,8,4.2704588651186296e-11,-75.65077735344678,R,-54.257992661229395
9000,2,8,0.07022957457194903,-74.70846823599165,R,-54.257992661229395
9000,3,8,1.4333391508811573e-25,-75.65077735344678,R,-54.257992661229395
9000,4,8,0.0013717044827789328,-76.11503681562945,R,-54.257992661229395
9000,1,9,3.557538974480688e-33,-75.65077735344678,R,-51.20192356033729
9000,2,9,7.522647267696502e-4,-74.7420474096942,R,-51.20192356033729
9000,3,9,3.557538974480688e-33,-75.65077735344678,R,-51.20192356033729
9000,4,9,8.280425091117112e-7,-75.69765464826989,R,-51.20192356033729
9000,1,10,8.549166924975575e-42,-75.65077735344678,R,-48.14585445944519
9000,2,10,4.894134302031891e-7,-75.60208818479028,R,-48.14585445944519
9000,3,10,8.549166924975575e-42,-75.65077735344678,R,-48.14585445944519
9000,4,10,2.0628802560766118e-8,-75.6507773515304,R,-48.14585445944519
9000,1,11,1.9891674967249468e-51,-75.65077735344678,R,-45.08978535855309
9000,2,11,3.664536456053068e-8,-75.65077728701482,R,-45.08978535855309
9000,3,11,1.9891674967249468e-51,-75.65077735344678,R,-45.08978535855309
9000,4,11,3.882500829049688e-10,-75.65077735344678,R,-45.08978535855309
9000,1,12,4.4811794795877025e-62,-75.65077735344678,R,-42.033716257660984
9000,2,12,2.2303012466461623e-9,-75.65077735344262,R,-42.033716257660984
9000,3,12,4.4811794795877025e-62,-75.65077735344678,R,-42.033716257660984
9000,4,12,4.7023889138199245e-12,-75.65077735344678,R,-42.033716257660984
9000,1,13,9.774324429229252e-74,-75.65077735344678,R,-38.97764715676888
9000,2,13,1.0362170104727388e-10,-75.65077735344678,R,-38.97764715676888
9000,3,13,9.774324429229252e-74,-75.65077735344678,R,-38.97764715676888
9000,4,13,9.774324429229252e-74,-75.65077735344678,R,-38.97764715676888
9000,1,14,2.0642133790557395e-86,-75.65077735344678,R,-35.92157805587678
9000,2,14,1.4870694229206755e-13,-75.65077735344678,R,-35.92157805587678
9000,3,14,2.0642133790557395e-86,-75.65077735344678,R,-35.92157805587678
9000,4,14,2.0642133790557395e-86,-75.65077735344678,R,-35.92157805587678
9000,1,15,4.220810499544679e-100,-75.65077735344678,R,-32.865508954984676
9000,2,15,4.220810499544679e-100,-75.65077735344678,R,-32.865508954984676
9000,3,15,4.220810499544679e-100,-75.65077735344678,R,-32.865508954984676
9000,4,15,4.220810499544679e-100,-75.65077735344678,R,-32.865508954984676
9000,1,16,8.356233112433916e-115,-75.65077735344678,R,-29.809439854092574
9000,2,16,8.356233112433916e-115,-75.65077735344678,R,-29.809439854092574
9000,3,16,8.356233112433916e-115,-75.65077735344678,R,-29.809439854092574
9000,4,16,8.356233112433916e-115,-75.65077735344678,R,-29.809439854092574
9000,1,17,1.6017645094985316e-130,-75.65077735344678,R,-26.75337075320047
9000,2,17,1.6017645094985316e-130,-75.65077735344678,R,-26.75337075320047
9000,3,17,1.6017645094985316e-130,-75.65077735344678,R,-26.75337075320047
9000,4,17,1.6017645094985316e-130,-75.65077735344678,R,-26.75337075320047
9000,1,18,2.9727624977334365e-147,-75.65077735344678,R,-23.69730165230837
9000,2,18,2.9727624977334365e-147,-75.65077735344678,R,-23.69730165230837
9000,3,18,2.9727624977334365e-147,-75.65077735344678,R,-23.69730165230837
9000,4,18,2.9727624977334365e-147,-75.65077735344678,R,-23.69730165230837
9000,1,19,5.3418930351846965e-165,-75.65077735344678,R,-20.641232551416266
9000,2,19,5.3418930351846965e-165,-75.65077735344678,R,-20.641232551416266
9000,3,19,5.3418930351846965e-165,-75.65077735344678,R,-20.641232551416266
9000,4,19,5.3418930351846965e-165,-75.65077735344678,R,-20.641232551416266
9000,1,20,9.294019698226742e-184,-75.65077735344678,R,-17.585163450524163
9000,2,20,9.294019698226742e-184,-75.65077735344678,R,-17.585163450524163
9000,3,20,9.294019698226742e-184,-75.65077735344678,R,-17.585163450524163
9000,4,20,9.294019698226742e-184,-75.65077735344678,R,-17.585163450524163
10000,1,1,2.4641757967535476e-8,-75.65055810019278,R,-75.65040398375208
10000,2,1,0.8240903720608551,-74.74991498654795,R,-75.65040398375208
10000,3,1,1.682645317469142e-8,-75.6507703265103,R,-75.65040398375208
10000,4,1,0.6140608526739252,-77.12942189802872,R,-75.65040398375208
10000,1,2,2.820080850434736e-8,-75.649527114258575,R,-72.59433376280839
10000,2,2,0.811596531850718,-74.18913336216674,R,-72.59433376280839
10000,3,2,1.7693775912271584e-8,-75.65073251347036,R,-72.59433376280839
10000,4,2,0.5735897861527997,-76.6065330398584,R,-72.59433376280839
10000,1,3,3.096482751215534e-8,-75.64850695876882,R,-69.5382635418647
10000,2,3,0.753346635035879,-73.71340763956323,R,-69.5382635418647
10000,3,3,1.8622964990812015e-8,-75.65068509302962,R,-69.5382635418647
10000,4,3,0.50233222308376,-76.16150511400511,R,-69.5382635418647
10000,1,4,3.2944821244639143e-8,-75.6474869621745,R,-66.482193320921
10000,2,4,0.6478491341578579,-73.43791801605404,R,-66.482193320921
10000,3,4,1.9148245881461504e-8,-75.65058341635472,R,-66.482193320921
10000,4,4,0.4038403918803476,-75.8950941636891,R,-66.482193320921
10000,1,5,3.2510635518074036e-8,-75.64944441574357,R,-63.426123099977296
10000,2,5,0.5035642611801299,-73.40732154160368,R,-63.426123099977296
10000,3,5,1.2103018848416766e-8,-75.65077756527792,R,-63.426123099977296
10000,4,5,0.28941419150421305,-75.82116257733942,R,-63.426123099977296
10000,1,6,7.910106403990462e-9,-75.65077735987497,R,-60.3700528790336
10000,2,6,0.3424105085157169,-73.61042377319009,R,-60.3700528790336
10000,3,6,1.5605891280523746e-9,-75.65077735345778,R,-60.3700528790336
10000,4,6,0.17606780063438351,-75.89619563207583,R,-60.3700528790336
10000,1,7,8.025446724871595e-10,-75.65077735344772,R,-57.313982658089905
10000,2,7,0.19115971496811884,-74.0255218143773,R,-57.313982658089905
10000,3,7,1.1493729410352559e-10,-75.65077735344678,R,-57.313982658089905
10000,4,7,0.07857129945332182,-76.05032478368999,R,-57.313982658089905
10000,1,8,5.398979840572383e-11,-75.65077735344678,R,-54.2579124371462
10000,2,8,0.07300041459368375,-74.5845005259773,R,-54.2579124371462
10000,3,8,1.2542049527506587e-12,-75.65077735344678,R,-54.2579124371462
10000,4,8,0.004153274431952562,-76.1193660027596,R,-54.2579124371462
10000,1,9,3.557538974480688e-33,-75.65077735344678,R,-51.20184221620251
10000,2,9,0.0015337856639105957,-74.63958465330347,R,-51.20184221620251
10000,3,9,3.557538974480688e-33,-75.65077735344678,R,-51.20184221620251
10000,4,9,2.187117174973153e-6,-76.03898542460225,R,-51.20184221620251
10000,1,10,8.549166924975575e-42,-75.65077735344678,R,-48.14577199525881
10000,2,10,6.440638859710202e-7,-75.5116128041862,R,-48.14577199525881
10000,3,10,8.549166924975575e-42,-75.65077735344678,R,-48.14577199525881
10000,4,10,4.587647981343526e-8,-75.6507774720398,R,-48.14577199525881
10000,1,11,1.9891674967249468e-51,-75.65077735344678,R,-45.08970177431512
10000,2,11,4.282507150468543e-8,-75.65077722279246,R,-45.08970177431512
10000,3,11,1.9891674967249468e-51,-75.65077735344678,R,-45.08970177431512
10000,4,11,9.453873227617687e-10,-75.65077735344671,R,-45.08970177431512
10000,1,12,4.4811794795877025e-62,-75.65077735344678,R,-42.03363155337142
10000,2,12,2.8036997734883527e-9,-75.65077735343733,R,-42.03363155337142
10000,3,12,4.4811794795877025e-62,-75.65077735344678,R,-42.03363155337142
10000,4,12,1.6374740988089592e-11,-75.65077735344678,R,-42.03363155337142
10000,1,13,9.774324429229252e-74,-75.65077735344678,R,-38.977561332427726
10000,2,13,1.4102389237502132e-10,-75.65077735344678,R,-38.977561332427726
10000,3,13,9.774324429229252e-74,-75.65077735344678,R,-38.977561332427726
10000,4,13,9.774324429229252e-74,-75.65077735344678,R,-38.977561332427726
10000,1,14,2.0642133790557395e-86,-75.65077735344678,R,-35.92149111148403
10000,2,14,2.1678898233996667e-12,-75.65077735344678,R,-35.92149111148403
10000,3,14,2.0642133790557395e-86,-75.65077735344678,R,-35.92149111148403
10000,4,14,2.0642133790557395e-86,-75.65077735344678,R,-35.92149111148403
10000,1,15,4.220810499544679e-100,-75.65077735344678,R,-32.86542089054033
10000,2,15,4.220810499544679e-100,-75.65077735344678,R,-32.86542089054033
10000,3,15,4.220810499544679e-100,-75.65077735344678,R,-32.86542089054033
10000,4,15,4.220810499544679e-100,-75.65077735344678,R,-32.86542089054033
10000,1,16,8.356233112433916e-115,-75.65077735344678,R,-29.809350669596633
10000,2,16,8.356233112433916e-115,-75.65077735344678,R,-29.809350669596633
10000,3,16,8.356233112433916e-115,-75.65077735344678,R,-29.809350669596633
10000,4,16,8.356233112433916e-115,-75.65077735344678,R,-29.809350669596633
10000,1,17,1.6017645094985316e-130,-75.65077735344678,R,-26.753280448652937
10000,2,17,1.6017645094985316e-130,-75.65077735344678,R,-26.753280448652937
10000,3,17,1.6017645094985316e-130,-75.65077735344678,R,-26.753280448652937
10000,4,17,1.6017645094985316e-130,-75.65077735344678,R,-26.753280448652937
10000,1,18,2.9727624977334365e-147,-75.65077735344678,R,-23.697210227709242
10000,2,18,2.9727624977334365e-147,-75.65077735344678,R,-23.697210227709242
10000,3,18,2.9727624977334365e-147,-75.65077735344678,R,-23.697210227709242
10000,4,18,2.9727624977334365e-147,-75.65077735344678,R,-23.697210227709242
10000,1,19,5.3418930351846965e-165,-75.65077735344678,R,-20.641140006765546
10000,2,19,5.3418930351846965e-165,-75.65077735344678,R,-20.641140006765546
10000,3,19,5.3418930351846965e-165,-75.65077735344678,R,-20.641140006765546
10000,4,19,5.3418930351846965e-165,-75.65077735344678,R,-20.641140006765546
10000,1,20,9.294019698226742e-184,-75.65077735344678,R,-17.585069785821844
10000,2,20,9.294019698226742e-184,-75.65077735344678,R,-17.585069785821844
10000,3,20,9.294019698226742e-184,-75.65077735344678,R,-17.585069785821844
10000,4,20,9.294019698226742e-184,-75.65077735344678,R,-17.585069785821844
